hhno	visgpno	sex	age	occ	soc	dact	nbalvis
254254	1	1			6		4
254256	1	2	0		7		29
254260	1	1			6		24
254260	2	1	0		7		8
254260	3	2	0		7		4
254265	1	1	0		7		10
254265	2	2			6		10
254266	1	2	0		7		7
254266	2	1	0		7		7
254269	1	1	0		7		4
254269	2	2	0		7		4
254275	1	1	0		7		22
254275	2	2	0		7		11
254280	1	2	0		7		33
254281	1	1			6		8
254283	1	2	0		7		11
254284	1	2	0		7		7
254284	2	1	0		7		7
254284	3	2			6		7
254284	4	2			6		7
254284	5	1			6		7
254285	1	1			6		3
254289	1	2	0		7		3
254290	1	2	0		7		4
254290	2	1	0		7		7
254292	1	2	0		7		10
254292	2	1	0		7		3
254293	1	2	0		7		3
254295	1	2	0		7		4
254295	2	1	0		7		14
254296	1	1	0		7		69
254296	2	2	0		7		27
254301	1	2	0		7		7
254302	1	1	0		7		7
254302	2	2	0		7		7
254304	1	2	0		7		21
254305	1	1	0		7		42
254305	2	2	0		7		46
254307	1	2	0		7		7
254307	2	1	0		7		7
254308	1	2	0		7		14
254308	2	1	0		7		7
254311	1	1	0		7		27
254311	2	1			6		10
254312	1	2	0		7		4
254312	2	1			6		3
254312	3	1			6		3
254315	1	1	0		7		4
254317	1	1			6		7
254317	2	2	0		7		15
254318	1	2			6		11
254318	2	2			6		11
254320	1	2			6		28
254326	1	1			6		14
254326	2	1			6		14
254326	3	2	0		7		29
254331	1	2	0		7		25
254331	2	2			6		21
254331	3	2			6		7
254332	1	2	0		7		7
254333	1	2			6		7
254333	2	1			6		7
254334	1	2	0		7		4
254341	1	2			6		7
254346	1	1	0		7		11
254346	2	2	0		7		11
254346	3	1			6		4
254346	4	2			6		7
254350	1	2			6		20
254357	1	1	0		7		14
254359	1	2	0		7		7
254360	1	2	0		7		11
254360	2	1	0		7		14
254362	1	1	0		7		14
254365	1	1			6		4
254365	2	1	0		7		3
254368	1	1	0		7		7
254369	1	2	0		7		28
254369	2	2			6		28
254369	3	1			6		24
254370	1	2	0		7		16
254372	1	2	0		7		18
254372	2	1	0		7		14
254373	1	1	0		7		21
254374	1	2	0		7		7
254375	1	2	0		7		8
254375	2	1	0		7		26
254376	1	2	0		7		7
254376	2	1	0		7		7
254378	1	1	0		7		14
254380	1	2			6		35
254380	2	2	0		7		7
254380	3	1	0		7		7
254380	4	2			6		7
254380	5	2			6		7
254381	1	1	0		7		21
254381	2	2	0		7		21
254387	1	1			6		4
254387	2	2			6		4
254387	3	1	0		7		27
254387	4	2	0		7		54
254389	1	1	0		7		4
254389	2	2	0		7		11
254389	3	1			6		42
254391	1	1	0		7		38
254391	2	2	0		7		4
254393	1	1	0		7		14
254393	2	2	0		7		7
254398	1	1	0		7		21
254398	2	2	0		7		14
254406	1	2			6		14
254406	2	2	0		7		7
254410	1	1	0		7		14
254416	1	2	0		7		4
254416	2	1	0		7		7
254416	3	2			6		7
254416	4	1			6		7
254417	1	2	0		7		7
254417	2	1	0		7		7
254417	3	1			6		7
254421	1	1	0		7		7
254424	1	1	0		7		23
254424	2	2			6		4
254426	1	2			6		25
254426	2	1			6		25
254426	3	2			6		7
254426	4	1			6		7
254427	1	2	0		7		4
254431	1	2	0		7		16
254436	1	1	0		7		6
254439	1	2	0		7		7
254439	2	1	0		7		7
254439	3	2			6		7
254447	1	1	0		7		15
254447	2	2	0		7		18
254447	3	2			6		4
254448	1	1			6		3
254451	1	2			6		3
254458	1	1	0		7		7
254458	2	2	0		7		7
254463	1	2	0		7		7
254465	1	1	0		7		26
254465	2	2	0		7		22
254465	3	2			6		11
254465	4	1			6		11
254467	1	1	0		7		7
254467	2	2	0		7		7
254468	1	1	0		7		11
254468	2	2	0		7		11
254470	1	1	0		7		7
254470	2	2	0		7		21
254473	1	1	0		7		7
254473	2	2			6		11
254473	3	2			6		4
254474	1	2	0		7		44
254475	1	2	0		7		11
254477	1	1	0		7		14
254477	2	2	0		7		14
254478	1	2	0		7		14
254478	2	1	0		7		4
254479	1	2	0		7		21
254484	1	2	0		7		4
254484	2	1			6		7
254484	3	2			6		7
254488	1	2	0		7		7
254488	2	1	0		7		7
254494	1	1			6		3
254497	1	1	0		7		7
254500	1	2	0		7		42
254502	1	1	0		7		14
254502	2	2	0		7		14
254505	1	1	0		7		4
254506	1	1			6		10
254509	1	1	0		7		7
254515	1	2	0		7		21
254515	2	2			6		21
254517	1	2	0		7		11
254517	2	1	0		7		35
254519	1	2	0		7		7
254520	1	2			6		7
254520	2	2	0		7		14
254520	3	1	0		7		7
254521	1	1	0		7		7
254522	1	2	0		7		7
254523	1	2	0		7		20
254526	1	2	0		7		3
254527	1	2			6		39
254528	1	2	0		7		4
254529	1	1			6		20
254529	2	2	0		7		8
254529	3	1	0		7		7
254530	1	2	0		7		7
254530	2	1	0		7		10
254531	1	2	0		7		7
254531	2	1	0		7		7
254535	1	1	0		7		7
254535	2	2	0		7		14
254545	1	1	0		7		7
254545	2	2	0		7		7
254548	1	1	0		7		7
254550	1	1	0		7		14
254550	2	2	0		7		14
254550	3	1			6		7
254550	4	1			6		7
254559	1	1	0		7		7
254559	2	2	0		7		8
254561	1	1	0		7		6
254563	1	2	0		7		7
254566	1	2	0		7		12
254566	2	2			6		4
254567	1	2	0		7		7
254567	2	2			6		7
254570	1	1	0		7		14
254570	2	2	0		7		7
254572	1	2	0		7		7
254573	1	1	0		7		10
254578	1	2	0		7		4
254580	1	1	0		7		11
254582	1	2	0		7		7
254583	1	1	0		7		7
254583	2	2	0		7		7
254584	1	1	0		7		24
254586	1	1	0		7		7
254586	2	2	0		7		11
254588	1	1	0		7		4
254588	2	2	0		7		4
254589	1	2			6		13
254592	1	1	0		7		15
254592	2	2	0		7		11
254593	1	1	0		7		14
254593	2	2	0		7		14
254593	3	2			6		7
254594	1	1			6		14
254601	1	2	0		7		4
254602	1	1	0		7		31
254602	2	2			6		7
254602	3	2			6		7
254602	4	1			6		7
254605	1	1	0		7		11
254606	1	1	0		7		50
254606	2	1			6		21
254612	1	2	0		7		7
254613	1	2	0		7		7
254613	2	1	0		7		4
254623	1	2	0		7		17
254623	2	1	0		7		17
254625	1	2	0		7		11
254625	2	1	0		7		7
254625	3	1			6		11
254627	1	2	0		7		3
254627	2	1	0		7		3
254629	1	2	0		7		7
254630	1	1	0		7		18
254630	2	2	0		7		18
254632	1	2	0		7		4
254632	2	1			6		4
254641	1	2	0		7		7
254642	1	1	0		7		4
254642	2	2	0		7		4
254642	3	1			6		4
254642	4	2			6		4
254642	5	2			6		4
254643	1	2	0		7		11
254643	2	1	0		7		7
254643	3	1			6		4
254645	1	1	0		7		7
254645	2	2	0		7		7
254646	1	2	0		7		46
254649	1	1	0		7		4
254649	2	2	0		7		4
254650	1	2	0		7		15
254650	2	2	0		7		40
254650	3	1	0		7		40
254650	4	2			6		40
254650	5	1			6		40
254651	1	2	0		7		7
254657	1	1	0		7		14
254658	1	2	0		7		15
254661	1	2	0		7		7
254663	1	2	0		7		7
254663	2	1	0		7		7
254663	3	2			6		7
254663	4	2			6		7
254666	1	1	0		7		20
254667	1	1	0		7		7
254667	2	2	0		7		7
254667	3	2			6		7
254667	4	2			6		7
254669	1	1	0		7		7
254669	2	2	0		7		7
254669	3	2			6		7
254669	4	1			6		7
254671	1	1	0		7		7
254671	2	2	0		7		7
254671	3	2			6		7
254671	4	2			6		7
254679	1	2	0		7		3
254682	1	2	0		7		4
254682	2	1	0		7		7
254682	3	2			6		4
254682	4	2			6		4
254684	1	2	0		7		11
254686	1	1	0		7		24
254686	2	2	0		7		35
254688	1	2	0		7		7
254689	1	2			6		3
254689	2	2			6		3
254689	3	2	0		7		3
254696	1	1	0		7		4
254700	1	2	0		7		7
254703	1	2	0		7		4
254705	1	1			6		14
254705	2	2			6		7
254707	1	1			6		11
254710	1	2			6		42
254710	2	1			6		21
254713	1	2	0		7		21
254713	2	1	0		7		21
254720	1	2	0		7		34
254726	1	1	0		7		10
254727	1	1	0		7		3
254729	1	1	0		7		7
254730	1	2	0		7		10
254732	1	1	0		7		7
254732	2	2	0		7		4
254734	1	1	0		7		25
254735	1	2	0		7		14
254736	1	1	0		7		14
254742	1	1	0		7		24
254742	2	2	0		7		31
254744	1	2	0		7		9
254744	2	1	0		7		9
254745	1	1	0		7		11
254745	2	2	0		7		22
254745	3	1			6		11
254746	1	1	0		7		14
254746	2	2	0		7		42
254746	3	1			6		7
254746	4	1			6		7
254749	1	1	0		7		11
254751	1	2	0		7		48
254752	1	2	0		7		17
254754	1	1			6		10
254756	1	2	0		7		7
254759	1	2	0		7		21
254761	1	2	0		7		3
254762	1	2	0		7		4
254762	2	1	0		7		4
254765	1	1	0		7		14
254765	2	2			6		3
254770	1	1	0		7		12
254770	2	2	0		7		12
254774	1	2	0		7		7
254776	1	2			6		10
254777	1	1	0		7		10
254778	1	2	0		7		4
254781	1	1	0		7		7
254785	1	2			6		14
254785	2	2			6		3
254785	3	2	0		7		19
254789	1	1			6		14
254792	1	2	0		7		4
254797	1	1	0		7		11
254798	1	1			6		4
254798	2	2	0		7		4
254800	1	2			6		7
254804	1	2			6		37
254804	2	2	0		7		4
254804	3	1	0		7		4
254806	1	1	0		7		4
254806	2	2	0		7		4
254812	1	1			6		28
254812	2	1	0		7		21
254812	3	2	0		7		32
254819	1	2	0		7		7
254819	2	1	0		7		7
254820	1	1	0		7		25
254821	1	2	0		7		27
254823	1	2			6		4
254823	2	2			6		4
254823	3	2	0		7		8
254823	4	1	0		7		22
254825	1	2	0		7		7
254826	1	1	0		7		8
254827	1	2	0		7		7
254828	1	2			6		10
254828	2	1	0		7		29
254828	3	2	0		7		30
254839	1	2	0		7		18
254839	2	1	0		7		7
254840	1	2	0		7		32
254840	2	2			6		14
254840	3	2			6		14
254842	1	1	0		7		4
254842	2	2	0		7		12
254844	1	2	0		7		7
254844	2	2			6		11
254846	1	2	0		7		4
254846	2	1			6		4
254851	1	1			6		10
254851	2	1			6		4
254851	3	2			6		7
254853	1	1	0		7		7
254853	2	2	0		7		7
254854	1	2	0		7		7
254854	2	1	0		7		7
254854	3	1			6		7
254856	1	1	0		7		58
254856	2	2	0		7		4
254857	1	2	0		7		46
254857	2	1			6		3
254857	3	1			6		3
254857	4	1			6		3
254859	1	2	0		7		4
254861	1	2	0		7		16
254861	2	2			6		4
254861	3	2			6		4
254862	1	1	0		7		3
254864	1	2			6		7
254867	1	1	0		7		7
254869	1	1	0		7		10
254869	2	2	0		7		10
254869	3	2			6		14
254870	1	2	0		7		15
254872	1	2	0		7		39
254872	2	1	0		7		7
254872	3	2			6		14
254874	1	2	0		7		35
254874	2	1			6		4
254875	1	2	0		7		4
254877	1	2			6		3
254877	2	2			6		3
254877	3	1			6		4
254877	4	1			6		4
254878	1	1			6		7
254882	1	2	0		7		3
254883	1	2	0		7		14
254883	2	1			6		7
254883	3	1	0		7		10
254886	1	1			6		10
254887	1	1	0		7		38
254887	2	2	0		7		38
254887	3	1			6		21
254887	4	1			6		21
254887	5	2			6		17
254891	1	2	0		7		32
254891	2	1			6		38
254891	3	1			6		38
254894	1	2	0		7		14
254895	1	1			6		7
254895	2	2	0		7		4
254897	1	1	0		7		7
254899	1	2			6		4
254899	2	1			6		4
254901	1	1			6		11
254901	2	2			6		11
254901	3	1			6		7
254903	1	1	0		7		4
254903	2	2	0		7		4
254907	1	1	0		7		7
254909	1	1	0		7		14
254910	1	2	0		7		7
254910	2	2			6		7
254911	1	2			6		28
254911	2	2	0		7		4
254911	3	2	0		7		4
254913	1	1	0		7		7
254914	1	1			6		11
254914	2	2	0		7		11
254914	3	2			6		11
254915	1	1			6		4
254915	2	1			6		18
254915	3	1	0		7		18
254915	4	2	0		7		18
254917	1	2			6		7
254918	1	1	0		7		4
254919	1	1			6		4
254921	1	2	0		7		4
254924	1	1	0		7		4
254924	2	2	0		7		4
254927	1	2			6		4
254928	1	1	0		7		38
254928	2	2	0		7		47
254929	1	2	0		7		4
254929	2	2			6		4
254930	1	2			6		3
254931	1	2	0		7		14
254932	1	1	0		7		18
254932	2	2	0		7		21
254937	1	2	0		7		34
254939	1	2	0		7		4
254940	1	1	0		7		18
254941	1	1	0		7		7
254943	1	2	0		7		4
254947	1	2	0		7		8
254948	1	2	0		7		3
254950	1	2			6		27
254950	2	1			6		4
254953	1	2	0		7		11
254953	2	1	0		7		7
254953	3	2			6		4
254953	4	1			6		4
254953	5	1			6		7
254953	6	1			6		7
254955	1	1	0		7		10
254955	2	2			6		10
254956	1	1	0		7		7
254957	1	2	0		7		47
254957	2	2			6		15
254957	3	1	0		7		11
254957	4	1			6		11
254957	5	1			6		11
254962	1	2	0		7		4
254962	2	1	0		7		4
254965	1	1			6		18
254967	1	2	0		7		14
254967	2	1	0		7		14
254967	3	1			6		7
254968	1	1	0		7		10
254968	2	2	0		7		4
254969	1	1	0		7		3
254973	1	1			6		4
254973	2	2	0		7		4
254975	1	1			6		50
254976	1	2	0		7		7
254981	1	2			6		15
254984	1	2	0		7		17
254988	1	2	0		7		12
254988	2	1	0		7		15
254998	1	1	0		7		7
255002	1	1	0		7		21
255002	2	2	0		7		18
255002	3	2			6		7
255005	1	2	0		7		4
255010	1	1			6		7
255010	2	2	0		7		8
255010	3	1	0		7		4
255012	1	2	0		7		15
255012	2	1	0		7		31
255012	3	1			6		36
255012	4	2			6		24
255012	5	2			6		4
255012	6	2			6		4
255013	1	2			6		8
255013	2	2			6		8
255014	1	2	0		7		11
255016	1	2	0		7		25
255016	2	1	0		7		11
255017	1	1	0		7		14
255019	1	1	0		7		14
255019	2	2	0		7		7
255023	1	2	0		7		11
255024	1	1	0		7		8
255024	2	1			6		4
255024	3	1			6		4
255024	4	1			6		4
255025	1	1	0		7		11
255026	1	2	0		7		20
255028	1	1			6		11
255028	2	2			6		11
255031	1	1	0		7		7
255032	1	2			6		7
255033	1	1			6		4
255036	1	1	0		7		7
255037	1	2	0		7		7
255038	1	1	0		7		49
255039	1	2			6		4
255040	1	1	0		7		14
255040	2	2	0		7		14
255042	1	1	0		7		4
255046	1	1	0		7		22
255046	2	2	0		7		4
255046	3	2			6		4
255046	4	1			6		4
255048	1	2	0		7		31
255048	2	1	0		7		7
255050	1	1	0		7		18
255052	1	2	0		7		11
255055	1	2	0		7		30
255055	2	1	0		7		26
255057	1	2			6		11
255057	2	1	0		7		11
255057	3	2	0		7		29
255060	1	1	0		7		28
255060	2	2	0		7		4
255061	1	2	0		7		22
255061	2	1	0		7		18
255062	1	2	0		7		11
255064	1	2	0		7		8
255064	2	1	0		7		7
255069	1	2	0		7		4
255070	1	2	0		7		63
255070	2	1	0		7		7
255071	1	1	0		7		13
255072	1	2	0		7		4
255072	2	1	0		7		4
255078	1	2	0		7		7
255083	1	2	0		7		7
255084	1	1	0		7		16
255084	2	2	0		7		14
255086	1	1			6		4
255086	2	2	0		7		26
255086	3	2			6		14
255086	4	2			6		7
255086	5	1			6		14
255087	1	2	0		7		7
255089	1	1	0		7		10
255091	1	2	0		7		8
255092	1	1	0		7		38
255092	2	2	0		7		22
255092	3	2			6		16
255092	4	2			6		4
255092	5	2			6		12
255097	1	1			6		7
255097	2	1	0		7		7
255099	1	1	0		7		7
255102	1	2	0		7		3
255106	1	2			6		11
255106	2	2	0		7		15
255106	3	2			6		11
255109	1	1	0		7		18
255112	1	1	0		7		7
255117	1	1			6		4
255120	1	1	0		7		8
255121	1	1	0		7		4
255121	2	2	0		7		4
255121	3	2			6		4
255121	4	2			6		4
255122	1	1	0		7		7
255122	2	2	0		7		7
255124	1	2	0		7		4
255124	2	1			6		4
255132	1	1	0		7		18
255132	2	2	0		7		11
255133	1	2	0		7		12
255134	1	2			6		18
255134	2	1			6		4
255140	1	2	0		7		35
255142	1	2	0		7		14
255145	1	1	0		7		17
255149	1	1	0		7		7
255150	1	2	0		7		18
255150	2	1	0		7		7
255156	1	1	0		7		7
255157	1	2	0		7		11
255158	1	2	0		7		4
255158	2	1	0		7		7
255159	1	2	0		7		32
255159	2	1	0		7		32
255160	1	2	0		7		15
255160	2	1	0		7		4
255164	1	1	0		7		11
255164	2	2	0		7		4
255165	1	1			6		4
255172	1	2	0		7		12
255173	1	2	0		7		4
255173	2	2			6		4
255173	3	2			6		4
255174	1	2	0		7		14
255178	1	1			6		11
255179	1	1	0		7		7
255183	1	1	0		7		14
255183	2	2	0		7		7
255183	3	2			6		7
255183	4	2			6		7
255184	1	1	0		7		42
255184	2	2	0		7		7
255188	1	1	0		7		7
255188	2	2	0		7		4
255188	3	1			6		7
255189	1	1			6		48
255189	2	2	0		7		4
255189	3	1			6		20
255190	1	2			6		4
255192	1	2	0		7		14
255193	1	2	0		7		12
255193	2	1	0		7		21
255194	1	1	0		7		18
255195	1	2	0		7		7
255195	2	1	0		7		7
255197	1	2	0		7		12
255197	2	2			6		4
255197	3	1			6		4
255197	4	1			6		4
255197	5	1			6		4
255199	1	1			6		7
255199	2	2			6		7
255200	1	1	0		7		28
255202	1	1	0		7		11
255202	2	2	0		7		18
255202	3	1			6		7
255202	4	1			6		7
255202	5	1			6		7
255202	6	2			6		14
255202	7	2			6		7
255205	1	1	0		7		15
255205	2	2	0		7		15
255206	1	2	0		7		4
255214	1	2	0		7		7
255216	1	2	0		7		21
255216	2	1	0		7		7
255216	3	1			6		7
255216	4	1			6		7
255217	1	2	0		7		7
255217	2	1	0		7		7
255219	1	2	0		7		34
255220	1	1	0		7		81
255220	2	2	0		7		85
255220	3	2			6		4
255220	4	2			6		4
255220	5	1			6		11
255220	6	1			6		12
255220	7	1			6		16
255222	1	2			6		7
255225	1	1	0		7		27
255226	1	2			6		4
255226	2	1			6		4
255227	1	2	0		7		4
255229	1	1	0		7		10
255229	2	2	0		7		10
255230	1	1	0		7		17
255230	2	2	0		7		17
255231	1	2			6		7
255233	1	2	0		7		14
255234	1	2			6		16
255234	2	1			6		7
255235	1	2			6		11
255235	2	2			6		11
255240	1	1	0		7		14
255240	2	2	0		7		21
255240	3	2			6		84
255240	4	2			6		21
255240	5	2			6		7
255240	6	1			6		28
255240	7	1			6		14
255245	1	1	0		7		38
255249	1	2	0		7		4
255249	2	1	0		7		7
255254	1	1	0		7		7
255255	1	1	0		7		7
255255	2	2	0		7		10
255258	1	1			6		4
255263	1	1	0		7		17
255272	1	2			6		7
255272	2	2	0		7		7
255273	1	1	0		7		21
255273	2	1			6		7
255275	1	1	0		7		4
255278	1	1	0		7		39
255278	2	2	0		7		35
255278	3	1			6		45
255278	4	1			6		33
255278	5	2			6		14
255278	6	2			6		12
255278	7	2			6		7
255279	1	1			6		23
255279	2	1	0		7		3
255282	1	1	0		7		7
255286	1	1	0		7		7
255290	1	1			6		3
255291	1	2	0		7		8
255294	1	1			6		4
255294	2	1			6		4
255296	1	2			6		4
255297	1	1	0		7		7
255297	2	2	0		7		7
255297	3	2			6		7
255297	4	2			6		7
255299	1	1			6		8
255304	1	1	0		7		7
255304	2	2	0		7		7
255305	1	2	0		7		4
255305	2	1	0		7		4
255307	1	2	0		7		4
255309	1	1	0		7		4
255309	2	1			6		12
255320	1	2	0		7		11
255321	1	1	0		7		7
255322	1	1	0		7		7
255324	1	2	0		7		7
255325	1	2	0		7		4
255326	1	2	0		7		18
255326	2	1	0		7		7
255328	1	1	0		7		11
255328	2	2	0		7		11
255328	3	1			6		4
255333	1	1	0		7		10
255333	2	2	0		7		10
255342	1	2	0		7		21
255344	1	1	0		7		3
255344	2	2	0		7		3
255350	1	1	0		7		14
255351	1	2			6		3
255352	1	2	0		7		25
255356	1	2	0		7		16
255357	1	1	0		7		29
255358	1	1			6		7
255358	2	2			6		7
255358	3	2			6		7
255358	4	1	0		7		7
255358	5	2	0		7		7
255362	1	2	0		7		7
255362	2	1	0		7		14
255364	1	2	0		7		11
255364	2	2			6		19
255364	3	2			6		7
255370	1	1			6		7
255370	2	2			6		7
255371	1	1	0		7		8
255373	1	1	0		7		45
255374	1	1	0		7		7
255374	2	2	0		7		14
255375	1	1			6		11
255375	2	2	0		7		7
255380	1	1	0		7		14
255380	2	2	0		7		7
255382	1	2	0		7		11
255382	2	1			6		14
255382	3	1			6		3
255382	4	2			6		3
255382	5	2			6		7
255384	1	2			6		7
255384	2	2	0		7		36
255386	1	2	0		7		12
255386	2	1			6		4
255386	3	2			6		8
255386	4	1			6		4
255388	1	2	0		7		21
255390	1	2	0		7		4
255390	2	1	0		7		4
255390	3	2			6		4
255390	4	1			6		4
255395	1	2	0		7		4
255397	1	1	0		7		4
255397	2	2	0		7		4
255397	3	2			6		10
255398	1	2			6		11
255398	2	2			6		27
255401	1	2			6		21
255401	2	2			6		21
255401	3	1			6		7
255402	1	2	0		7		10
255405	1	2	0		7		4
255405	2	1	0		7		14
255407	1	2			6		7
255407	2	2			6		7
255407	3	2	0		7		7
255408	1	1	0		7		7
255412	1	1	0		7		10
255412	2	2			6		7
255412	3	2	0		7		7
255413	1	2			6		7
255413	2	2	0		7		7
255413	3	1	0		7		21
255414	1	1	0		7		4
255417	1	1	0		7		7
255418	1	2	0		7		28
255419	1	2	0		7		42
255419	2	1	0		7		7
255422	1	2	0		7		46
255422	2	2			6		7
255422	3	1			6		7
255422	4	1	0		7		7
255424	1	2	0		7		49
255424	2	1	0		7		28
255424	3	2			6		21
255425	1	1	0		7		58
255425	2	2	0		7		58
255427	1	1	0		7		3
255430	1	2	0		7		26
255433	1	1	0		7		7
255441	1	1	0		7		4
255445	1	1	0		7		23
255447	1	1	0		7		4
255447	2	2			6		4
255447	3	2			6		4
255448	1	2	0		7		21
255448	2	1	0		7		21
255451	1	2	0		7		14
255451	2	1	0		7		18
255452	1	1	0		7		15
255452	2	2	0		7		8
255452	3	1			6		3
255455	1	2	0		7		4
255457	1	1	0		7		7
255459	1	2			6		24
255459	2	2			6		24
255461	1	1			6		8
255461	2	2			6		14
255461	3	2			6		14
255461	4	2	0		7		4
255468	1	1	0		7		43
255472	1	1	0		7		4
255474	1	1	0		7		14
255476	1	1	0		7		11
255476	2	2	0		7		7
255476	3	1			6		7
255476	4	1			6		4
255479	1	2	0		7		7
255480	1	2	0		7		4
255484	1	2	0		7		8
255484	2	1	0		7		4
255484	3	2			6		4
255491	1	1			6		25
255492	1	1	0		7		14
255492	2	2	0		7		4
255498	1	1			6		7
255498	2	1			6		7
255500	1	1	0		7		11
255500	2	2	0		7		11
255501	1	2	0		7		14
255503	1	1	0		7		24
255503	2	2	0		7		15
255504	1	2	0		7		7
255506	1	2	0		7		8
255506	2	2			6		7
255508	1	2			6		21
255509	1	1	0		7		14
255510	1	1	0		7		21
255511	1	2			6		39
255516	1	2	0		7		4
255516	2	1	0		7		4
255517	1	1	0		7		21
255517	2	2	0		7		7
255526	1	2	0		7		8
255526	2	1	0		7		8
255529	1	1	0		7		7
255533	1	2	0		7		17
255534	1	2			6		7
255534	2	2			6		8
255541	1	1	0		7		7
255541	2	2	0		7		7
255544	1	1	0		7		3
255544	2	2	0		7		3
255549	1	1	0		7		11
255549	2	2			6		7
255549	3	2			6		10
255549	4	1			6		10
255549	5	2	0		7		7
255551	1	2	0		7		7
255551	2	1	0		7		7
255552	1	2	0		7		7
255552	2	1	0		7		3
255552	3	2			6		4
255553	1	2	0		7		8
255553	2	1	0		7		4
255555	1	2			6		6
255555	2	1			6		3
255555	3	1			6		6
255555	4	2	0		7		8
255564	1	2			6		7
255564	2	1			6		7
255564	3	1			6		7
255565	1	2	0		7		4
255570	1	1	0		7		21
255570	2	2	0		7		21
255570	3	2			6		21
255570	4	2			6		21
255574	1	1	0		7		7
255575	1	1	0		7		7
255575	2	2	0		7		7
255576	1	2	0		7		8
255576	2	1			6		8
255579	1	1	0		7		18
255584	1	2	0		7		11
255587	1	2	0		7		8
255587	2	1	0		7		26
255593	1	1	0		7		14
255596	1	2	0		7		3
255596	2	1	0		7		3
255602	1	2	0		7		3
255604	1	2	0		7		8
255604	2	1	0		7		4
255609	1	2			6		14
255611	1	1	0		7		15
255611	2	2	0		7		4
255613	1	1	0		7		14
255613	2	2	0		7		14
255614	1	2			6		7
255615	1	1	0		7		7
255616	1	2	0		7		4
255619	1	2	0		7		4
255621	1	2	0		7		7
255623	1	2	0		7		15
255623	2	1	0		7		7
255626	1	2	0		7		18
255626	2	1	0		7		15
255628	1	2	0		7		4
255630	1	2			6		3
255630	2	1			6		3
255630	3	2	0		7		4
255631	1	1	0		7		7
255632	1	1	0		7		11
255632	2	2	0		7		4
255632	3	1			6		11
255634	1	1	0		7		3
255636	1	2	0		7		4
255636	2	1	0		7		12
255638	1	2	0		7		8
255642	1	1	0		7		7
255642	2	2	0		7		7
255642	3	1			6		7
255642	4	1			6		7
255644	1	1	0		7		14
255645	1	2	0		7		7
255645	2	2	0		7		7
255647	1	2	0		7		20
255648	1	2	0		7		42
255648	2	1	0		7		39
255648	3	2			6		32
255648	4	1			6		7
255648	5	1			6		7
255648	6	2			6		7
255650	1	2	0		7		33
255650	2	1	0		7		11
255650	3	2			6		4
255650	4	2			6		4
255650	5	2			6		4
255650	6	1			6		7
255661	1	1	0		7		11
255662	1	2	0		7		38
255663	1	1			6		7
255668	1	1			6		4
255668	2	1	0		7		4
255668	3	2	0		7		4
255670	1	1	0		7		28
255670	2	2	0		7		7
255672	1	2	0		7		4
255683	1	2			6		14
255684	1	1	0		7		7
255692	1	1	0		7		4
255694	1	2	0		7		17
255696	1	1	0		7		11
255696	2	2	0		7		7
255698	1	1	0		7		28
255698	2	2	0		7		38
255698	3	2			6		24
255699	1	1			6		14
255699	2	1			6		14
255701	1	1	0		7		11
255701	2	2	0		7		11
255701	3	1			6		7
255701	4	2			6		7
255701	5	1			6		7
255701	6	2			6		7
255707	1	1			6		10
255707	2	2	0		7		7
255708	1	2	0		7		18
255708	2	1	0		7		7
255713	1	1	0		7		34
255716	1	2	0		7		7
255716	2	2			6		7
255716	3	1			6		7
255716	4	2			6		7
255716	5	2			6		7
255717	1	1	0		7		14
255717	2	2	0		7		7
255717	3	1			6		7
255719	1	2			6		7
255719	2	2			6		11
255719	3	2			6		7
255720	1	1	0		7		12
255720	2	2	0		7		8
255721	1	1	0		7		7
255721	2	2	0		7		10
255721	3	1			6		7
255722	1	2	0		7		25
255728	1	1	0		7		4
255728	2	2	0		7		11
255732	1	2	0		7		7
255732	2	2			6		7
255733	1	1	0		7		4
255733	2	2	0		7		4
255733	3	1			6		4
255733	4	1			6		4
255735	1	1	0		7		18
255735	2	1			6		11
255735	3	2	0		7		18
255735	4	2			6		4
255735	5	1			6		7
255738	1	2	0		7		11
255740	1	1			6		7
255745	1	2	0		7		7
255745	2	1			6		7
255746	1	1	0		7		11
255747	1	1	0		7		7
255747	2	2	0		7		7
255748	1	1	0		7		11
255748	2	2	0		7		11
255748	3	1			6		11
255748	4	1			6		11
255748	5	1			6		11
255750	1	1			6		4
255750	2	2	0		7		4
255750	3	2			6		4
255751	1	2	0		7		7
255752	1	2	0		7		7
255753	1	2	0		7		4
255754	1	1			6		7
255754	2	1			6		7
255755	1	2	0		7		22
255757	1	2	0		7		14
255757	2	1	0		7		7
255758	1	2	0		7		7
255759	1	2			6		14
255765	1	1	0		7		7
255771	1	1	0		7		14
255771	2	2	0		7		14
255773	1	2	0		7		22
255773	2	1	0		7		11
255773	3	2			6		11
255774	1	1			6		21
255778	1	2	0		7		3
255778	2	1			6		20
255778	3	2	0		7		4
255778	4	1	0		7		3
255782	1	2			6		4
255782	2	1			6		4
255784	1	2	0		7		55
255785	1	2	0		7		7
255789	1	2	0		7		11
255789	2	1			6		11
255790	1	2			6		4
255793	1	1	0		7		4
255793	2	2	0		7		4
255794	1	2	0		7		25
255800	1	1	0		7		4
255800	2	2	0		7		4
255807	1	1	0		7		14
255807	2	2	0		7		14
255809	1	1	0		7		53
255809	2	2	0		7		7
255809	3	1			6		54
255809	4	1			6		27
255811	1	1	0		7		41
255819	1	2			6		14
255822	1	2	0		7		7
255826	1	1	0		7		8
255826	2	2	0		7		8
255828	1	1			6		24
255832	1	2			6		8
255832	2	1			6		8
255832	3	2	0		7		22
255834	1	1			6		17
255834	2	1			6		7
255834	3	1	0		7		8
255834	4	2			6		7
255835	1	1	0		7		4
255835	2	2			6		7
255835	3	2			6		7
255836	1	1	0		7		4
255840	1	2	0		7		21
255851	1	1	0		7		12
255853	1	2	0		7		14
255855	1	1	0		7		18
255855	2	2	0		7		14
255858	1	1	0		7		11
255858	2	1			6		4
255858	3	2	0		7		4
255858	4	2			6		7
255863	1	1	0		7		7
255865	1	2	0		7		3
255865	2	1			6		7
255865	3	2			6		7
255867	1	2	0		7		7
255868	1	2	0		7		14
255868	2	1	0		7		14
255869	1	1	0		7		10
255875	1	2	0		7		7
255879	1	1			6		4
255879	2	2			6		7
255879	3	2			6		7
255879	4	2	0		7		7
255879	5	1	0		7		21
255879	6	2			6		7
255882	1	2			6		3
255883	1	2	0		7		56
255885	1	2	0		7		43
255885	2	1	0		7		43
255893	1	2	0		7		31
255893	2	1			6		3
255895	1	1	0		7		7
255895	2	2	0		7		7
255898	1	2	0		7		32
255898	2	1			6		7
255900	1	1	0		7		14
255900	2	1			6		7
255900	3	2			6		7
255900	4	1			6		31
255901	1	2			6		4
255901	2	1			6		7
255901	3	2			6		7
255901	4	1	0		7		84
255906	1	2	0		7		7
255907	1	1	0		7		3
255908	1	2			6		7
255913	1	2	0		7		26
255913	2	1	0		7		4
255917	1	2			6		7
255917	2	2			6		7
255917	3	2			6		7
255917	4	2	0		7		4
255917	5	1	0		7		3
255920	1	2	0		7		18
255922	1	1			6		4
255922	2	1			6		4
255922	3	1	0		7		18
255922	4	2	0		7		7
255927	1	2			6		19
255928	1	2	0		7		4
255928	2	1	0		7		8
255930	1	2	0		7		27
255931	1	2			6		7
255931	2	2	0		7		25
255931	3	1	0		7		21
255932	1	1	0		7		27
255936	1	2			6		14
255936	2	2			6		10
255943	1	2			6		14
255943	2	1	0		7		4
255943	3	2	0		7		4
255944	1	2	0		7		7
255944	2	1	0		7		7
255944	3	1			6		7
255945	1	1	0		7		35
255946	1	1	0		7		4
255950	1	2	0		7		28
255950	2	2			6		7
255950	3	2			6		7
255951	1	2	0		7		22
255952	1	2			6		14
255954	1	2	0		7		7
255954	2	1	0		7		14
255962	1	2	0		7		17
255963	1	1	0		7		16
255963	2	2	0		7		4
255964	1	2	0		7		11
255966	1	1	0		7		28
255966	2	2	0		7		28
255969	1	1			6		31
255969	2	2			6		31
255969	3	1			6		14
255969	4	2			6		7
255970	1	2	0		7		4
255970	2	1			6		4
255970	3	1			6		4
255970	4	2			6		4
255971	1	2	0		7		19
255971	2	1			6		10
255971	3	1			6		3
255972	1	1			6		26
255973	1	2			6		7
255975	1	2			6		12
255975	2	2			6		7
255979	1	1	0		7		4
255980	1	1	0		7		25
255980	2	2			6		29
255983	1	2	0		7		18
255996	1	2	0		7		3
255996	2	1	0		7		3
256005	1	1	0		7		7
256006	1	2			6		3
256006	2	2	0		7		27
256006	3	1	0		7		30
256007	1	2			6		18
256009	1	1			6		7
256009	2	1			6		4
256009	3	2	0		7		4
256009	4	1			6		11
256012	1	2	0		7		24
256012	2	1	0		7		7
256012	3	2			6		14
256013	1	1			6		4
256013	2	2			6		4
256013	3	2	0		7		7
256015	1	2	0		7		12
256016	1	2	0		7		22
256016	2	1	0		7		7
256029	1	1	0		7		8
256029	2	1			6		11
256030	1	1	0		7		21
256030	2	2	0		7		21
256030	3	1			6		7
256030	4	2			6		7
256031	1	2	0		7		7
256035	1	2	0		7		31
256039	1	1	0		7		7
256039	2	2	0		7		4
256046	1	2			6		7
256051	1	1			6		8
256052	1	1	0		7		39
256052	2	2	0		7		21
256055	1	1			6		7
256060	1	2			6		7
256061	1	2	0		7		14
256061	2	1	0		7		25
256063	1	2	0		7		11
256066	1	2			6		7
256067	1	1	0		7		14
256068	1	2			6		7
256069	1	1			6		7
256078	1	1			6		7
256079	1	2	0		7		28
256079	2	1	0		7		7
256082	1	2	0		7		10
256082	2	1			6		31
256082	3	1			6		24
256082	4	1	0		7		28
256083	1	2	0		7		3
256083	2	2			6		7
256084	1	2	0		7		7
256084	2	2			6		7
256084	3	2			6		7
256092	1	1	0		7		21
256094	1	1	0		7		7
256098	1	1	0		7		24
256098	2	2			6		4
256098	3	2			6		4
256098	4	2	0		7		4
256100	1	2	0		7		14
256100	2	1			6		7
256100	3	1			6		7
256102	1	1	0		7		7
256105	1	1	0		7		15
256105	2	2	0		7		4
256109	1	1			6		14
256109	2	2			6		14
256110	1	1	0		7		35
256110	2	2	0		7		18
256112	1	2	0		7		45
256112	2	1	0		7		7
256112	3	2			6		19
256112	4	1			6		7
256117	1	2	0		7		7
256118	1	1	0		7		7
256118	2	2	0		7		14
256120	1	2			6		4
256120	2	2			6		4
256121	1	1	0		7		7
256121	2	2	0		7		7
256122	1	2	0		7		7
256123	1	2	0		7		14
256124	1	1			6		17
256124	2	1			6		4
256124	3	2			6		4
256124	4	2	0		7		4
256125	1	1	0		7		14
256125	2	2	0		7		7
256125	3	2			6		18
256127	1	1	0		7		52
256127	2	2	0		7		32
256129	1	2	0		7		17
256129	2	1	0		7		7
256131	1	1	0		7		4
256131	2	2	0		7		4
256132	1	1			6		24
256133	1	2	0		7		15
256139	1	2	0		7		4
256139	2	1	0		7		43
256140	1	2	0		7		7
256143	1	2			6		4
256144	1	1	0		7		32
256150	1	2			6		10
256153	1	1			6		4
256153	2	2			6		4
256154	1	1			6		4
256155	1	2	0		7		4
256155	2	1			6		8
256155	3	1	0		7		7
256159	1	1			6		7
256159	2	1	0		7		43
256159	3	2	0		7		35
256160	1	1	0		7		4
256160	2	2	0		7		14
256161	1	2	0		7		3
256164	1	2	0		7		18
256166	1	2	0		7		24
256166	2	1	0		7		24
256173	1	2	0		7		4
256173	2	1	0		7		4
256173	3	1			6		4
256174	1	2	0		7		17
256177	1	1	0		7		10
256180	1	1	0		7		8
256184	1	1	0		7		4
256184	2	2	0		7		4
256189	1	1	0		7		7
256189	2	2	0		7		7
256190	1	2	0		7		17
256190	2	2			6		10
256191	1	2			6		14
256191	2	1			6		38
256191	3	1	0		7		7
256191	4	2	0		7		7
256192	1	1	0		7		7
256192	2	2			6		20
256192	3	2			6		12
256192	4	1			6		8
256192	5	1			6		8
256192	6	1			6		4
256192	7	2	0		7		4
256193	1	2			6		32
256194	1	1	0		7		24
256194	2	2	0		7		21
256197	1	1			6		3
256197	2	2			6		3
256197	3	2			6		3
256204	1	1	0		7		36
256207	1	1	0		7		7
256208	1	1	0		7		7
256210	1	1			6		11
256210	2	1	0		7		7
256210	3	2	0		7		7
256211	1	2	0		7		7
256212	1	1	0		7		31
256213	1	2			6		14
256213	2	1			6		14
256213	3	1			6		14
256213	4	1	0		7		23
256213	5	2	0		7		23
256214	1	1	0		7		7
256216	1	2	0		7		11
256216	2	1	0		7		7
256217	1	1	0		7		4
256218	1	2	0		7		7
256219	1	1			6		4
256227	1	2	0		7		7
256227	2	1	0		7		7
256231	1	2	0		7		7
256237	1	1	0		7		35
256238	1	2	0		7		3
256241	1	2	0		7		7
256241	2	1	0		7		7
256242	1	1	0		7		7
256244	1	2	0		7		14
256246	1	1	0		7		11
256250	1	2			6		11
256250	2	2			6		11
256250	3	2			6		4
256250	4	2	0		7		4
256250	5	1	0		7		7
256250	6	2			6		7
256252	1	2	0		7		7
256252	2	1	0		7		7
256252	3	2			6		4
256252	4	2			6		4
256254	1	2	0		7		21
256254	2	1	0		7		14
256255	1	1	0		7		4
256256	1	2	0		7		8
256256	2	1	0		7		4
256258	1	2	0		7		7
256261	1	2			6		7
256261	2	1	0		7		14
256261	3	2	0		7		115
256262	1	2			6		4
256262	2	1	0		7		7
256262	3	2	0		7		7
256265	1	1	0		7		38
256266	1	1	0		7		7
256268	1	2			6		4
256268	2	2			6		7
256275	1	2	0		7		15
256275	2	2			6		7
256277	1	1	0		7		28
256277	2	2	0		7		28
256277	3	2			6		28
256278	1	1	0		7		14
256278	2	2	0		7		14
256282	1	2			6		7
256282	2	2			6		7
256282	3	1			6		7
256285	1	1	0		7		7
256290	1	2	0		7		11
256290	2	1	0		7		7
256294	1	1	0		7		18
256295	1	1	0		7		11
256295	2	2	0		7		11
256296	1	2	0		7		35
256296	2	1	0		7		7
256299	1	1			6		7
256300	1	1			6		7
256300	2	1	0		7		4
256300	3	2	0		7		4
256301	1	1	0		7		24
256301	2	1			6		17
256304	1	1	0		7		4
256305	1	2	0		7		8
256307	1	2	0		7		14
256307	2	1	0		7		17
256312	1	2	0		7		8
256312	2	1	0		7		4
256313	1	2	0		7		4
256318	1	1	0		7		10
256318	2	2			6		7
256321	1	2	0		7		4
256323	1	1	0		7		11
256323	2	2	0		7		11
256324	1	1	0		7		11
256324	2	2	0		7		11
256325	1	2	0		7		14
256325	2	1	0		7		7
256325	3	1			6		7
256325	4	2			6		7
256331	1	1	0		7		21
256333	1	2	0		7		7
256335	1	2	0		7		11
256335	2	2			6		4
256338	1	1	0		7		4
256338	2	2	0		7		4
256341	1	1	0		7		14
256341	2	2	0		7		21
256342	1	2	0		7		6
256342	2	1	0		7		38
256343	1	2	0		7		20
256344	1	2	0		7		4
256345	1	1	0		7		4
256346	1	1	0		7		7
256346	2	2	0		7		7
256347	1	2	0		7		7
256347	2	2			6		7
256347	3	2			6		7
256348	1	2	0		7		7
256349	1	2	0		7		4
256349	2	2			6		4
256354	1	2	0		7		4
256354	2	1	0		7		4
256354	3	2			6		14
256355	1	2	0		7		4
256356	1	2	0		7		15
256356	2	1	0		7		19
256360	1	1	0		7		31
256362	1	1	0		7		28
256362	2	2	0		7		14
256362	3	2			6		7
256363	1	2	0		7		7
256365	1	1	0		7		15
256365	2	2	0		7		7
256367	1	2	0		7		7
256367	2	2			6		17
256367	3	1			6		17
256367	4	1	0		7		7
256367	5	1			6		7
256369	1	2	0		7		22
256369	2	2			6		4
256369	3	2			6		7
256369	4	1	0		7		33
256370	1	1	0		7		32
256370	2	2	0		7		8
256371	1	2	0		7		3
256371	2	1	0		7		7
256371	3	1			6		7
256372	1	1			6		7
256373	1	2	0		7		4
256374	1	2	0		7		16
256381	1	2	0		7		10
256381	2	2			6		20
256381	3	2			6		10
256382	1	1	0		7		11
256382	2	2	0		7		19
256383	1	2	0		7		7
256383	2	2			6		7
256386	1	1	0		7		11
256386	2	2			6		7
256388	1	1			6		17
256390	1	1	0		7		11
256393	1	2	0		7		14
256397	1	2	0		7		14
256397	2	1	0		7		14
256397	3	1			6		7
256397	4	1			6		7
256397	5	1			6		7
256397	6	2			6		7
256397	7	2			6		7
256400	1	2			6		44
256400	2	2	0		7		14
256400	3	2	0		7		7
256401	1	1			6		7
256401	2	2	0		7		8
256406	1	2			6		7
256414	1	1	0		7		4
256414	2	2	0		7		8
256414	3	1			6		4
256414	4	2			6		4
256414	5	1			6		4
256415	1	2			6		7
256415	2	1	0		7		4
256415	3	2	0		7		14
256416	1	2			6		3
256416	2	1	0		7		6
256421	1	1	0		7		19
256421	2	2	0		7		7
256421	3	2			6		7
256421	4	2			6		7
256426	1	1			6		7
256426	2	2	0		7		11
256427	1	2			6		14
256427	2	2	0		7		7
256427	3	1			6		7
256427	4	1	0		7		7
256428	1	1	0		7		4
256429	1	2	0		7		11
256429	2	1	0		7		7
256434	1	1	0		7		7
256434	2	2			6		7
256434	3	2	0		7		7
256439	1	1			6		4
256440	1	2			6		38
256440	2	1	0		7		14
256440	3	2	0		7		32
256441	1	2	0		7		27
256441	2	2			6		4
256441	3	2			6		7
256441	4	1			6		7
256442	1	2			6		4
256442	2	1			6		4
256442	3	2	0		7		4
256443	1	1			6		4
256444	1	2	0		7		4
256446	1	1	0		7		45
256450	1	1			6		7
256450	2	1	0		7		4
256450	3	2	0		7		4
256451	1	2	0		7		3
256452	1	2			6		14
256454	1	1	0		7		4
256456	1	2	0		7		11
256456	2	2			6		7
256459	1	2	0		7		41
256459	2	1			6		10
256465	1	2	0		7		8
256465	2	1	0		7		12
256465	3	1			6		4
256466	1	2	0		7		3
256467	1	1	0		7		32
256467	2	2			6		14
256467	3	2			6		14
256467	4	2	0		7		11
256467	5	2			6		7
256468	1	1			6		4
256468	2	2			6		4
256470	1	1	0		7		24
256471	1	1			6		38
256471	2	1			6		4
256471	3	2			6		4
256471	4	1			6		11
256475	1	1	0		7		16
256475	2	2	0		7		12
256476	1	1			6		7
256477	1	1			6		14
256480	1	1	0		7		4
256480	2	2	0		7		20
256480	3	2			6		4
256480	4	2			6		4
256480	5	2			6		4
256480	6	1			6		4
256480	7	1			6		4
256482	1	2			6		7
256482	2	2			6		7
256501	1	2	0		7		4
256501	2	2			6		8
256505	1	1			6		4
256506	1	1	0		7		4
256506	2	2	0		7		11
256506	3	2			6		4
256507	1	2	0		7		7
256510	1	1	0		7		7
256510	2	2	0		7		7
256517	1	2	0		7		8
256521	1	1	0		7		7
256521	2	2	0		7		7
256521	3	1			6		21
256521	4	1			6		7
256522	1	2	0		7		4
256522	2	1			6		4
256528	1	1	0		7		13
256528	2	2	0		7		10
256530	1	1	0		7		28
256531	1	2	0		7		13
256531	2	1	0		7		7
256532	1	2	0		7		7
256533	1	2	0		7		28
256533	2	1			6		13
256543	1	2	0		7		10
256543	2	1	0		7		10
256543	3	2			6		4
256547	1	1	0		7		7
256553	1	2	0		7		11
256556	1	1	0		7		15
256556	2	2	0		7		15
256559	1	2			6		3
256560	1	2			6		7
256562	1	2			6		7
256562	2	1			6		7
256562	3	1	0		7		3
256565	1	2	0		7		30
256566	1	2	0		7		14
256568	1	2			6		8
256568	2	1			6		4
256568	3	2	0		7		4
256568	4	1	0		7		4
256569	1	1	0		7		4
256569	2	2	0		7		4
256571	1	1	0		7		14
256579	1	1	0		7		22
256579	2	2	0		7		11
256580	1	1	0		7		48
256580	2	2	0		7		34
256580	3	1			6		56
256582	1	1			6		3
256582	2	1	0		7		3
256585	1	2			6		4
256592	1	1	0		7		7
256595	1	2	0		7		7
256602	1	2	0		7		37
256602	2	1	0		7		7
256603	1	1	0		7		7
256604	1	1			6		36
256604	2	1	0		7		4
256604	3	2	0		7		8
256607	1	1	0		7		7
256607	2	2	0		7		7
256608	1	1	0		7		7
256611	1	2	0		7		11
256612	1	1	0		7		7
256612	2	2	0		7		4
256612	3	2			6		4
256612	4	1			6		4
256615	1	1	0		7		10
256620	1	1	0		7		11
256620	2	1	0		7		11
256622	1	2	0		7		30
256625	1	2	0		7		7
256626	1	2	0		7		11
256627	1	2	0		7		35
256629	1	2	0		7		8
256632	1	1	0		7		7
256632	2	2	0		7		7
256632	3	2			6		4
256635	1	2	0		7		24
256635	2	1	0		7		7
256636	1	1	0		7		24
256643	1	2			6		3
256644	1	2	0		7		7
256646	1	1	0		7		11
256646	2	2	0		7		7
256650	1	2			6		13
256650	2	1	0		7		8
256653	1	2	0		7		4
256658	1	1	0		7		4
256658	2	2	0		7		8
256658	3	2			6		4
256658	4	1			6		4
256658	5	1			6		4
256660	1	1			6		25
256670	1	1	0		7		7
256670	2	2	0		7		14
256677	1	2	0		7		11
256677	2	1	0		7		11
256677	3	2			6		4
256677	4	1			6		4
256681	1	2	0		7		4
256685	1	1	0		7		25
256685	2	1			6		11
256685	3	2	0		7		10
256685	4	2			6		11
256685	5	2			6		14
256687	1	2	0		7		4
256688	1	1	0		7		7
256688	2	2	0		7		7
256689	1	1			6		7
256689	2	1	0		7		7
256689	3	2	0		7		18
256690	1	2	0		7		10
256691	1	1	0		7		14
256698	1	2	0		7		7
256698	2	1	0		7		7
256701	1	1	0		7		7
256701	2	2	0		7		7
256705	1	1	0		7		4
256707	1	2	0		7		10
256708	1	1	0		7		7
256708	2	2	0		7		21
256711	1	1	0		7		7
256711	2	2	0		7		10
256713	1	2	0		7		42
256714	1	1	0		7		3
256716	1	2	0		7		17
256717	1	1	0		7		11
256717	2	2	0		7		7
256720	1	1			6		7
256720	2	2			6		7
256722	1	2			6		11
256722	2	2			6		11
256722	3	2	0		7		11
256722	4	1	0		7		25
256727	1	1			6		10
256728	1	2	0		7		29
256728	2	1	0		7		25
256733	1	1	0		7		7
256733	2	1	0		7		7
256733	3	2	0		7		18
256736	1	1	0		7		48
256736	2	2	0		7		28
256737	1	1	0		7		7
256737	2	2	0		7		7
256738	1	2	0		7		18
256738	2	1	0		7		11
256741	1	2	0		7		4
256745	1	2	0		7		4
256745	2	1	0		7		4
256745	3	1			6		15
256745	4	2			6		7
256746	1	1			6		4
256747	1	2	0		7		7
256747	2	1			6		4
256748	1	1	0		7		7
256749	1	1	0		7		20
256750	1	1			6		11
256750	2	2	0		7		30
256754	1	1	0		7		31
256755	1	2	0		7		11
256757	1	1	0		7		21
256757	2	2	0		7		22
256759	1	2	0		7		14
256759	2	1	0		7		7
256761	1	2	0		7		7
256762	1	2	0		7		4
256763	1	2	0		7		29
256763	2	1			6		7
256763	3	2			6		7
256764	1	1	0		7		43
256764	2	2	0		7		18
256764	3	2			6		7
256767	1	1	0		7		7
256767	2	2	0		7		7
256768	1	2			6		29
256769	1	1			6		7
256773	1	1			6		3
256773	2	2			6		3
256776	1	2			6		7
256783	1	1	0		7		18
256784	1	1	0		7		17
256787	1	2			6		10
256787	2	2			6		10
256787	3	1	0		7		4
256787	4	2	0		7		4
256790	1	1	0		7		11
256791	1	2			6		14
256791	2	2			6		14
256792	1	1	0		7		34
256792	2	2	0		7		11
256805	1	2	0		7		4
256805	2	2			6		11
256812	1	1			6		11
256812	2	1			6		11
256812	3	1			6		11
256812	4	2			6		22
256812	5	2	0		7		44
256812	6	1	0		7		33
256818	1	1	0		7		7
256820	1	1	0		7		19
256820	2	2	0		7		15
256820	3	1			6		11
256823	1	2	0		7		11
256824	1	2	0		7		15
256824	2	1	0		7		4
256825	1	2	0		7		8
256825	2	1			6		4
256826	1	1			6		13
256826	2	1	0		7		57
256826	3	2	0		7		17
256827	1	2			6		21
256827	2	1			6		21
256827	3	1	0		7		7
256828	1	1	0		7		8
256828	2	2	0		7		4
256829	1	2	0		7		21
256831	1	2	0		7		4
256831	2	2			6		4
256831	3	1			6		7
256832	1	1	0		7		8
256832	2	2	0		7		4
256832	3	2			6		4
256837	1	1			6		7
256843	1	2	0		7		7
256843	2	1	0		7		14
256843	3	1			6		7
256843	4	1			6		7
256843	5	2	0		7		4
256844	1	1	0		7		7
256849	1	1			6		46
256849	2	2			6		44
256849	3	2	0		7		18
256849	4	1	0		7		18
256852	1	2	0		7		10
256853	1	1	0		7		7
256853	2	2	0		7		7
256853	3	2			6		7
256853	4	1			6		7
256853	5	2			6		7
256854	1	1			6		7
256855	1	2	0		7		7
256856	1	2	0		7		3
256858	1	2			6		4
256858	2	1			6		11
256858	3	2	0		7		4
256863	1	1	0		7		17
256864	1	2	0		7		14
256868	1	1	0		7		7
256872	1	2	0		7		8
256873	1	1	0		7		15
256873	2	2	0		7		7
256876	1	2	0		7		4
256876	2	1	0		7		4
256878	1	2	0		7		10
256878	2	1	0		7		17
256879	1	1	0		7		11
256879	2	2	0		7		11
256879	3	1			6		11
256882	1	1			6		7
256883	1	2	0		7		11
256886	1	2	0		7		4
256894	1	2	0		7		18
256898	1	1			6		7
256898	2	2	0		7		4
256898	3	1	0		7		4
256899	1	1	0		7		11
256899	2	2	0		7		7
256899	3	2			6		4
256903	1	1	0		7		7
256905	1	1	0		7		13
256906	1	2			6		7
256909	1	1	0		7		21
256909	2	2	0		7		7
256913	1	1	0		7		7
256913	2	2	0		7		7
256915	1	2	0		7		7
256916	1	2	0		7		7
256917	1	2	0		7		32
256917	2	1	0		7		12
256917	3	1			6		8
256917	4	2			6		16
256917	5	2			6		4
256917	6	2			6		8
256917	7	2	0		7		8
256921	1	1	0		7		14
256926	1	2	0		7		7
256926	2	2			6		14
256926	3	2			6		7
256926	4	2			6		7
256926	5	1			6		7
256926	6	1			6		7
256930	1	1	0		7		7
256930	2	2	0		7		7
256930	3	1			6		10
256930	4	2			6		10
256931	1	1	0		7		17
256939	1	2	0		7		14
256940	1	1	0		7		31
256940	2	2	0		7		7
256945	1	1	0		7		37
256945	2	2	0		7		37
256950	1	1	0		7		33
256952	1	2	0		7		28
256952	2	1	0		7		7
256954	1	1	0		7		32
256954	2	2			6		7
256956	1	2			6		24
256957	1	2	0		7		7
256957	2	2			6		15
256957	3	2			6		4
256959	1	2			6		4
256959	2	2			6		7
256959	3	1			6		4
256960	1	1	0		7		45
256960	2	2	0		7		53
256961	1	2	0		7		14
256962	1	1			6		18
256964	1	2			6		4
256964	2	2			6		12
256964	3	2	0		7		4
256965	1	2			6		3
256965	2	1			6		3
256966	1	2	0		7		41
256966	2	1			6		41
256968	1	2	0		7		14
256972	1	2	0		7		7
256972	2	2			6		24
256972	3	2			6		7
256972	4	1			6		7
256978	1	1	0		7		37
256978	2	2	0		7		7
256978	3	1			6		7
256986	1	2			6		4
256991	1	1	0		7		21
256991	2	2	0		7		7
256996	1	2	0		7		22
256999	1	2	0		7		14
256999	2	2			6		7
256999	3	1			6		7
257003	1	1	0		7		7
257005	1	2	0		7		14
257005	2	1			6		14
257008	1	1	0		7		14
257010	1	1	0		7		4
257010	2	2	0		7		12
257010	3	1			6		4
257011	1	2	0		7		14
257013	1	1	0		7		4
257023	1	1	0		7		12
257023	2	2	0		7		11
257028	1	2	0		7		4
257028	2	1			6		4
257028	3	2			6		7
257028	4	2			6		14
257031	1	2	0		7		35
257032	1	2	0		7		7
257032	2	1	0		7		7
257033	1	2			6		26
257034	1	1	0		7		11
257034	2	2	0		7		7
257034	3	2			6		7
257036	1	1			6		4
257045	1	2			6		14
257045	2	1	0		7		4
257047	1	2	0		7		41
257047	2	2			6		7
257048	1	2	0		7		3
257053	1	2	0		7		7
257057	1	1	0		7		21
257057	2	2	0		7		14
257061	1	2			6		10
257065	1	1	0		7		4
257066	1	2	0		7		4
257067	1	1	0		7		11
257067	2	2	0		7		4
257067	3	2			6		10
257068	1	2	0		7		21
257068	2	1			6		7
257070	1	1	0		7		4
257070	2	2	0		7		4
257070	3	2			6		4
257070	4	1			6		4
257071	1	1	0		7		11
257076	1	2			6		24
257076	2	2	0		7		7
257079	1	2	0		7		3
257079	2	2			6		3
257085	1	2	0		7		14
257087	1	1			6		7
257092	1	1	0		7		14
257092	2	2	0		7		14
257094	1	2	0		7		20
257097	1	1	0		7		14
257097	2	2	0		7		14
257098	1	2			6		17
257100	1	1	0		7		7
257102	1	1	0		7		20
257102	2	2	0		7		4
257103	1	1	0		7		20
257103	2	2	0		7		3
257104	1	2	0		7		14
257105	1	2	0		7		35
257107	1	1			6		4
257107	2	2	0		7		4
257110	1	1	0		7		4
257110	2	2	0		7		4
257114	1	1	0		7		10
257114	2	2	0		7		3
257116	1	1			6		10
257116	2	1	0		7		3
257117	1	1	0		7		14
257119	1	1	0		7		13
257121	1	2	0		7		11
257121	2	1			6		7
257121	3	2			6		7
257121	4	2			6		7
257122	1	2	0		7		4
257123	1	2			6		7
257123	2	2	0		7		32
257123	3	1	0		7		14
257125	1	1			6		8
257125	2	1	0		7		25
257125	3	2	0		7		21
257131	1	2	0		7		14
257131	2	2			6		18
257131	3	2	0		7		4
257131	4	1	0		7		4
257132	1	1	0		7		23
257137	1	2	0		7		10
257142	1	1	0		7		7
257142	2	2	0		7		7
257143	1	2	0		7		4
257143	2	1	0		7		39
257146	1	2	0		7		7
257146	2	2			6		7
257147	1	1	0		7		7
257147	2	2	0		7		7
257149	1	2	0		7		4
257150	1	2	0		7		7
257152	1	2	0		7		7
257152	2	1	0		7		7
257156	1	1	0		7		11
257156	2	2	0		7		11
257157	1	2	0		7		11
257157	2	1	0		7		7
257159	1	2	0		7		12
257160	1	1	0		7		23
257164	1	1	0		7		7
257164	2	2	0		7		7
257171	1	1	0		7		17
257171	2	2	0		7		17
257172	1	1	0		7		7
257173	1	2			6		14
257174	1	1	0		7		7
257178	1	1	0		7		18
257181	1	2			6		7
257185	1	2	0		7		11
257187	1	1	0		7		7
257187	2	2	0		7		7
257187	3	1			6		7
257187	4	1			6		7
257188	1	2	0		7		4
257190	1	1	0		7		11
257191	1	2	0		7		11
257191	2	2			6		11
257191	3	1	0		7		7
257191	4	1			6		7
257194	1	1	0		7		8
257194	2	2	0		7		4
257195	1	1	0		7		7
257195	2	2			6		7
257196	1	1	0		7		14
257198	1	1	0		7		4
257199	1	1	0		7		7
257199	2	2	0		7		7
257199	3	2			6		7
257201	1	1	0		7		4
257201	2	2	0		7		4
257202	1	1	0		7		7
257208	1	1			6		7
257208	2	2			6		7
257208	3	2			6		7
257208	4	2	0		7		7
257210	1	2	0		7		7
257211	1	2	0		7		4
257215	1	1	0		7		7
257215	2	2	0		7		7
257217	1	2	0		7		30
257217	2	1			6		7
257217	3	1	0		7		15
257218	1	1	0		7		22
257223	1	1			6		39
257223	2	2	0		7		24
257223	3	1	0		7		7
257225	1	2	0		7		7
257225	2	1			6		7
257225	3	1			6		7
257225	4	2			6		7
257228	1	1	0		7		7
257228	2	2	0		7		7
257229	1	1	0		7		7
257229	2	2	0		7		7
257232	1	1	0		7		31
257232	2	2	0		7		21
257233	1	2	0		7		14
257234	1	1	0		7		42
257236	1	2	0		7		10
257236	2	1	0		7		10
257237	1	2	0		7		4
257239	1	2			6		10
257239	2	1			6		7
257239	3	1			6		7
257239	4	1	0		7		11
257239	5	2	0		7		11
257242	1	1	0		7		7
257242	2	2	0		7		18
257242	3	2			6		7
257245	1	2	0		7		20
257249	1	2	0		7		17
257249	2	1	0		7		24
257251	1	2	0		7		7
257252	1	1	0		7		29
257252	2	2	0		7		54
257253	1	1	0		7		4
257253	2	2	0		7		4
257253	3	1			6		4
257257	1	1	0		7		3
257257	2	2	0		7		3
257261	1	2	0		7		4
257262	1	1	0		7		11
257262	2	2	0		7		11
257268	1	2			6		13
257268	2	2			6		6
257270	1	2			6		4
257270	2	1			6		28
257274	1	1	0		7		14
257274	2	2	0		7		4
257280	1	2			6		4
257282	1	2			6		3
257285	1	2	0		7		21
257286	1	1	0		7		7
257286	2	2	0		7		7
257291	1	1	0		7		17
257291	2	2	0		7		17
257291	3	2			6		7
257294	1	2	0		7		4
257294	2	1	0		7		7
257294	3	2	0		7		7
257296	1	2	0		7		4
257300	1	2	0		7		11
257300	2	1	0		7		11
257306	1	2	0		7		4
257310	1	1	0		7		7
257310	2	2	0		7		7
257311	1	1	0		7		7
257312	1	2			6		10
257313	1	1	0		7		8
257313	2	2	0		7		20
257313	3	1			6		8
257313	4	2			6		4
257313	5	2			6		4
257317	1	2	0		7		21
257319	1	1	0		7		14
257319	2	2	0		7		14
257322	1	2	0		7		4
257322	2	1			6		4
257323	1	2	0		7		4
257323	2	2			6		4
257323	3	1			6		4
257325	1	2	0		7		4
257327	1	2	0		7		7
257327	2	1	0		7		7
257328	1	1	0		7		33
257329	1	1	0		7		7
257329	2	2	0		7		7
257329	3	2			6		7
257329	4	2			6		7
257331	1	1			6		11
257331	2	2			6		14
257331	3	1			6		7
257331	4	2			6		7
257331	5	2			6		7
257331	6	2			6		7
257333	1	1			6		12
257333	2	2	0		7		27
257333	3	2			6		4
257333	4	2			6		4
257335	1	2	0		7		4
257342	1	2	0		7		32
257345	1	1	0		7		7
257347	1	2			6		3
257350	1	1	0		7		7
257352	1	1	0		7		4
257352	2	2			6		4
257354	1	1			6		4
257357	1	1	0		7		7
257360	1	1			6		4
257360	2	1			6		7
257360	3	1	0		7		7
257360	4	2	0		7		11
257362	1	1	0		7		7
257362	2	2	0		7		7
257362	3	2			6		7
257363	1	1			6		4
257364	1	2	0		7		7
257365	1	1			6		37
257365	2	1			6		17
257365	3	1			6		3
257365	4	1			6		7
257366	1	1	0		7		10
257369	1	2	0		7		4
257369	2	1	0		7		7
257370	1	2	0		7		7
257373	1	1	0		7		7
257375	1	2	0		7		35
257375	2	1	0		7		7
257377	1	2	0		7		7
257381	1	2	0		7		14
257382	1	1	0		7		31
257382	2	2	0		7		31
257388	1	1	0		7		10
257392	1	2	0		7		4
257392	2	1	0		7		39
257392	3	1			6		25
257395	1	1	0		7		7
257399	1	2	0		7		22
257399	2	2			6		4
257399	3	1			6		4
257403	1	1			6		11
257405	1	2	0		7		28
257407	1	1	0		7		3
257410	1	2			6		7
257410	2	2	0		7		15
257410	3	1	0		7		7
257415	1	1	0		7		4
257415	2	2	0		7		4
257415	3	1			6		11
257415	4	2			6		11
257417	1	1	0		7		14
257417	2	2	0		7		7
257426	1	1	0		7		10
257427	1	2	0		7		3
257427	2	1	0		7		8
257430	1	1	0		7		14
257430	2	2	0		7		7
257430	3	2			6		14
257435	1	2	0		7		21
257435	2	1	0		7		21
257439	1	2	0		7		50
257439	2	1	0		7		18
257439	3	2			6		4
257445	1	1	0		7		3
257446	1	1	0		7		45
257447	1	2	0		7		4
257450	1	1	0		7		7
257451	1	1	0		7		7
257451	2	2	0		7		7
257456	1	1	0		7		32
257458	1	2	0		7		37
257458	2	2			6		4
257458	3	1	0		7		33
257458	4	2			6		4
257459	1	1			6		7
257466	1	2	0		7		40
257466	2	1	0		7		23
257467	1	1	0		7		15
257472	1	2	0		7		28
257472	2	2			6		17
257472	3	1			6		7
257473	1	2	0		7		6
257477	1	1	0		7		41
257478	1	2	0		7		4
257480	1	1	0		7		10
257480	2	2	0		7		56
257491	1	2	0		7		7
257500	1	2	0		7		21
257500	2	1	0		7		7
257502	1	2	0		7		18
257506	1	1	0		7		7
257507	1	1	0		7		4
257507	2	2	0		7		4
257509	1	2	0		7		7
257509	2	2			6		7
257509	3	2			6		7
257509	4	1			6		7
257510	1	1	0		7		13
257515	1	1	0		7		21
257515	2	2	0		7		7
257516	1	2			6		20
257516	2	1			6		24
257516	3	2			6		10
257516	4	2			6		10
257516	5	2			6		10
257522	1	2	0		7		4
257523	1	2	0		7		21
257524	1	1			6		14
257524	2	2	0		7		15
257528	1	1	0		7		10
257528	2	2	0		7		10
257528	3	1			6		10
257528	4	1			6		10
257528	5	1			6		10
257529	1	1	0		7		7
257531	1	2	0		7		20
257531	2	1	0		7		14
257537	1	1	0		7		55
257537	2	2	0		7		28
257538	1	1	0		7		7
257540	1	1	0		7		46
257549	1	1	0		7		4
257549	2	2	0		7		12
257551	1	1	0		7		4
257551	2	2	0		7		4
257553	1	1			6		4
257554	1	1			6		14
257554	2	1			6		14
257554	3	2	0		7		7
257557	1	2	0		7		22
257558	1	2			6		25
257560	1	2	0		7		21
257560	2	1	0		7		10
257560	3	2			6		10
257560	4	2			6		10
257568	1	2	0		7		3
257568	2	2			6		3
257569	1	2	0		7		17
257571	1	1			6		14
257571	2	2			6		10
257571	3	2			6		17
257571	4	2			6		3
257573	1	1	0		7		10
257575	1	2	0		7		25
257580	1	2	0		7		11
257580	2	2	0		7		11
257581	1	1	0		7		48
257581	2	2	0		7		33
257581	3	1			6		11
257581	4	2			6		3
257581	5	2			6		4
257586	1	2	0		7		7
257586	2	2	0		7		7
257587	1	2	0		7		7
257602	1	2	0		7		47
257602	2	1	0		7		20
257604	1	1	0		7		25
257604	2	2	0		7		18
257608	1	2	0		7		28
257608	2	2			6		24
257608	3	1			6		21
257610	1	1	0		7		14
257613	1	1	0		7		4
257618	1	2	0		7		4
257624	1	2	0		7		3
257624	2	1			6		10
257626	1	2	0		7		31
257630	1	2	0		7		7
257634	1	1	0		7		22
257634	2	2	0		7		7
257639	1	2	0		7		11
257639	2	1	0		7		18
257639	3	1			6		14
257639	4	1			6		14
257639	5	2			6		14
257643	1	2	0		7		19
257643	2	1	0		7		4
257643	3	1			6		4
257645	1	1	0		7		21
257645	2	2	0		7		14
257649	1	2	0		7		7
257649	2	1	0		7		7
257654	1	2	0		7		15
257654	2	1	0		7		4
257655	1	2	0		7		7
257655	2	1			6		7
257656	1	2	0		7		8
257656	2	1	0		7		8
257665	1	2			6		7
257665	2	1			6		7
257666	1	1	0		7		12
257667	1	2	0		7		19
257667	2	1	0		7		118
257668	1	2			6		4
257668	2	1			6		4
257670	1	2	0		7		11
257670	2	1			6		7
257672	1	2	0		7		28
257674	1	2	0		7		4
257676	1	1	0		7		7
257684	1	2	0		7		35
257685	1	1	0		7		7
257685	2	2	0		7		7
257685	3	1			6		7
257686	1	1	0		7		23
257686	2	2	0		7		14
257687	1	2	0		7		8
257689	1	2	0		7		34
257689	2	2			6		7
257689	3	2			6		7
257694	1	2			6		3
257695	1	2			6		4
257696	1	1	0		7		33
257696	2	2	0		7		22
257697	1	1	0		7		14
257697	2	2	0		7		14
257697	3	1			6		7
257697	4	2			6		7
257698	1	1	0		7		7
257698	2	2	0		7		7
257700	1	2	0		7		24
257700	2	2			6		24
257701	1	2	0		7		27
257704	1	1	0		7		7
257704	2	2	0		7		7
257705	1	1	0		7		7
257705	2	2	0		7		7
257705	3	1			6		7
257710	1	1	0		7		11
257711	1	2	0		7		7
257711	2	1	0		7		30
257715	1	2	0		7		4
257715	2	1	0		7		4
257715	3	1			6		7
257716	1	2	0		7		10
257721	1	1	0		7		14
257722	1	1			6		18
257725	1	1	0		7		11
257725	2	2	0		7		11
257725	3	1			6		4
257728	1	1			6		3
257728	2	1			6		3
257729	1	2			6		12
257729	2	2	0		7		4
257733	1	2			6		11
257734	1	1			6		8
257734	2	1			6		4
257738	1	1	0		7		21
257739	1	2			6		7
257739	2	2	0		7		7
257741	1	1	0		7		7
257741	2	2	0		7		7
257745	1	1	0		7		7
257745	2	2	0		7		7
257752	1	1			6		3
257752	2	1			6		25
257753	1	1	0		7		7
257755	1	2	0		7		11
257756	1	1			6		14
257757	1	2			6		33
257757	2	1			6		4
257757	3	1			6		4
257757	4	2			6		4
257762	1	2	0		7		25
257762	2	1	0		7		7
257763	1	1	0		7		28
257763	2	2	0		7		28
257767	1	1			6		8
257768	1	2	0		7		7
257768	2	1	0		7		7
257768	3	1			6		7
257768	4	1			6		7
257771	1	2	0		7		7
257778	1	2	0		7		4
257778	2	2			6		14
257787	1	2	0		7		4
257787	2	1	0		7		4
257789	1	2	0		7		7
257797	1	1	0		7		7
257797	2	2	0		7		11
257800	1	1	0		7		18
257801	1	2	0		7		7
257804	1	2	0		7		7
257806	1	1			6		4
257806	2	2	0		7		4
257810	1	2	0		7		10
257810	2	1	0		7		21
257814	1	1			6		4
257821	1	1			6		7
257821	2	2			6		4
257826	1	2			6		20
257826	2	2			6		3
257831	1	1			6		18
257831	2	1	0		7		21
257831	3	2	0		7		21
257832	1	1	0		7		108
257832	2	2	0		7		3
257833	1	2	0		7		42
257834	1	1	0		7		7
257837	1	2			6		7
257837	2	2	0		7		7
257840	1	1			6		12
257840	2	1			6		8
257840	3	1			6		7
257840	4	1	0		7		53
257840	5	2	0		7		7
257843	1	1			6		38
257843	2	1	0		7		14
257843	3	2	0		7		14
257844	1	1	0		7		10
257844	2	2	0		7		10
257845	1	1	0		7		14
257845	2	1			6		7
257847	1	2	0		7		6
257847	2	2			6		7
257847	3	2			6		17
257847	4	1			6		10
257851	1	2			6		11
257852	1	1	0		7		11
257854	1	2	0		7		11
257854	2	1	0		7		11
257856	1	2	0		7		4
257856	2	1	0		7		4
257856	3	2			6		4
257856	4	1			6		4
257859	1	2	0		7		49
257859	2	1	0		7		35
257863	1	1			6		4
257863	2	1			6		4
257863	3	1			6		4
257863	4	2			6		12
257863	5	2			6		8
257863	6	2	0		7		35
257864	1	1	0		7		14
257865	1	2	0		7		3
257868	1	2	0		7		27
257869	1	1	0		7		4
257870	1	1	0		7		7
257872	1	2	0		7		4
257873	1	1	0		7		7
257878	1	2	0		7		4
257878	2	1			6		4
257878	3	1			6		4
257879	1	1	0		7		4
257881	1	1	0		7		21
257884	1	1	0		7		3
257884	2	2	0		7		3
257885	1	1	0		7		8
257885	2	2	0		7		4
257891	1	2	0		7		25
257891	2	1	0		7		4
257892	1	2	0		7		28
257892	2	2			6		28
257897	1	2			6		12
257897	2	2	0		7		20
257899	1	1	0		7		10
257902	1	2	0		7		10
257905	1	2	0		7		7
257905	2	1	0		7		7
257908	1	2	0		7		4
257915	1	2	0		7		14
257916	1	1	0		7		24
257916	2	2	0		7		24
257919	1	1			6		10
257920	1	1	0		7		38
257920	2	2	0		7		42
257922	1	1	0		7		4
257922	2	1			6		4
257924	1	2	0		7		14
257924	2	2			6		6
257925	1	2	0		7		8
257928	1	2	0		7		32
257931	1	1			6		10
257933	1	2	0		7		4
257933	2	1			6		4
257933	3	2			6		4
257934	1	1	0		7		7
257935	1	1	0		7		14
257936	1	2	0		7		11
257936	2	1	0		7		4
257937	1	1	0		7		21
257938	1	2			6		10
257939	1	2	0		7		23
257940	1	1	0		7		19
257947	1	2			6		14
257948	1	1	0		7		10
257951	1	2			6		11
257951	2	2	0		7		11
257951	3	1			6		4
257951	4	1	0		7		4
257953	1	2			6		3
257953	2	2	0		7		6
257954	1	2	0		7		15
257954	2	2			6		55
257956	1	2	0		7		21
257956	2	1	0		7		14
257957	1	2	0		7		12
257957	2	2			6		8
257957	3	2			6		4
257957	4	1			6		8
257961	1	1			6		14
257962	1	1	0		7		25
257962	2	2	0		7		7
257964	1	1	0		7		14
257964	2	2	0		7		14
257968	1	2	0		7		7
257968	2	1			6		7
257968	3	2			6		7
257969	1	1	0		7		13
257969	2	2	0		7		7
257972	1	1	0		7		4
257972	2	2	0		7		4
257974	1	1			6		31
257977	1	2			6		7
257978	1	2	0		7		4
257979	1	1	0		7		21
257980	1	1	0		7		7
257980	2	2	0		7		7
257985	1	2			6		14
257985	2	1			6		14
257985	3	2	0		7		22
257985	4	1	0		7		8
257986	1	2	0		7		12
257989	1	2			6		44
257989	2	2			6		7
257994	1	2			6		8
257999	1	1			6		7
258000	1	1	0		7		7
258000	2	2	0		7		7
258003	1	1	0		7		29
258003	2	2	0		7		3
258006	1	2	0		7		7
258010	1	2	0		7		21
258010	2	1	0		7		7
258011	1	2			6		8
258011	2	1			6		7
258011	3	2			6		7
258011	4	2	0		7		8
258012	1	1	0		7		7
258012	2	2	0		7		7
258012	3	1			6		21
258012	4	1			6		7
258015	1	1	0		7		4
258015	2	2	0		7		7
258018	1	2	0		7		18
258021	1	1	0		7		7
258021	2	2	0		7		7
258021	3	1			6		16
258021	4	2			6		16
258023	1	2	0		7		14
258025	1	2	0		7		4
258028	1	1	0		7		35
258028	2	2			6		10
258034	1	1	0		7		4
258034	2	2	0		7		7
258039	1	2	0		7		4
258039	2	1			6		4
258040	1	2	0		7		12
258041	1	2	0		7		7
258045	1	2	0		7		4
258045	2	1	0		7		4
258046	1	1	0		7		11
258046	2	2	0		7		22
258046	3	2			6		22
258050	1	2	0		7		7
258052	1	1	0		7		15
258052	2	2	0		7		15
258052	3	2			6		21
258052	4	1			6		11
258052	5	1			6		15
258052	6	2			6		4
258052	7	1			6		11
258056	1	1	0		7		8
258056	2	2	0		7		8
258056	3	2			6		7
258058	1	1	0		7		7
258058	2	2	0		7		7
258060	1	1	0		7		21
258060	2	2	0		7		14
258061	1	2	0		7		22
258063	1	2			6		7
258063	2	2			6		7
258063	3	2			6		24
258063	4	1			6		7
258066	1	1			6		21
258069	1	1	0		7		32
258074	1	1	0		7		7
258074	2	2	0		7		7
258078	1	1	0		7		33
258078	2	2	0		7		33
258079	1	1			6		28
258080	1	2	0		7		7
258080	2	1			6		7
258080	3	1			6		7
258081	1	2	0		7		25
258081	2	1			6		4
258081	3	1	0		7		45
258082	1	1	0		7		32
258082	2	2	0		7		7
258085	1	1	0		7		4
258086	1	1			6		7
258086	2	2			6		21
258086	3	2			6		10
258086	4	1			6		17
258086	5	1	0		7		26
258086	6	2	0		7		18
258087	1	2	0		7		24
258091	1	2	0		7		21
258091	2	1	0		7		7
258092	1	2	0		7		8
258093	1	2	0		7		3
258093	2	1			6		7
258093	3	2			6		7
258094	1	1	0		7		15
258094	2	2	0		7		11
258097	1	1	0		7		58
258098	1	2	0		7		7
258102	1	2	0		7		25
258104	1	1			6		25
258104	2	2	0		7		11
258105	1	1			6		11
258105	2	1			6		18
258109	1	2	0		7		7
258110	1	1	0		7		56
258110	2	2	0		7		7
258111	1	1			6		25
258111	2	1			6		18
258112	1	1			6		7
258112	2	2	0		7		4
258112	3	1			6		7
258113	1	1	0		7		28
258113	2	2	0		7		3
258114	1	1			6		10
258114	2	1	0		7		7
258114	3	2	0		7		4
258116	1	1			6		4
258117	1	1	0		7		8
258117	2	2	0		7		11
258118	1	1			6		11
258118	2	2			6		11
258118	3	1	0		7		4
258118	4	2	0		7		4
258119	1	2			6		28
258119	2	1	0		7		11
258119	3	2	0		7		4
258121	1	1			6		4
258121	2	1			6		4
258124	1	2	0		7		11
258126	1	1	0		7		7
258127	1	1			6		12
258131	1	2	0		7		55
258131	2	1	0		7		27
258133	1	2			6		7
258133	2	2	0		7		7
258133	3	1	0		7		21
258136	1	1	0		7		4
258136	2	2	0		7		4
258138	1	2	0		7		7
258138	2	2			6		28
258139	1	2	0		7		10
258139	2	1	0		7		11
258140	1	1			6		18
258140	2	1			6		4
258141	1	2	0		7		14
258142	1	2	0		7		7
258142	2	2			6		31
258146	1	2	0		7		18
258150	1	2			6		38
258152	1	2	0		7		42
258153	1	2	0		7		3
258153	2	1			6		3
258155	1	1	0		7		32
258163	1	1	0		7		14
258166	1	2	0		7		28
258166	2	1	0		7		11
258168	1	1	0		7		4
258168	2	1			6		7
258168	3	2	0		7		7
258168	4	2			6		7
258169	1	1	0		7		24
258177	1	1			6		31
258177	2	2			6		24
258177	3	2			6		31
258178	1	2			6		14
258178	2	2			6		14
258178	3	1			6		14
258179	1	2			6		7
258179	2	2			6		7
258179	3	1			6		7
258181	1	1			6		21
258181	2	2			6		18
258181	3	1			6		4
258181	4	1			6		4
258181	5	1			6		4
258181	6	2			6		4
258182	1	2			6		7
258182	2	2	0		7		7
258182	3	1	0		7		7
258186	1	1	0		7		46
258186	2	2	0		7		32
258189	1	2	0		7		8
258191	1	1			6		35
258192	1	2	0		7		4
258192	2	2			6		4
258192	3	2			6		4
258195	1	1	0		7		7
258195	2	2	0		7		11
258195	3	2			6		4
258196	1	1	0		7		4
258196	2	2	0		7		7
258197	1	1			6		7
258197	2	2			6		7
258197	3	1			6		7
258197	4	1			6		11
258197	5	2	0		7		11
258198	1	2	0		7		8
258198	2	1	0		7		4
258199	1	1	0		7		4
258199	2	2	0		7		4
258202	1	2	0		7		37
258202	2	1	0		7		26
258202	3	2			6		11
258202	4	2			6		11
258202	5	2			6		11
258202	6	1			6		11
258206	1	2			6		25
258209	1	1	0		7		11
258209	2	2	0		7		50
258210	1	2	0		7		11
258211	1	2	0		7		3
258212	1	1	0		7		16
258212	2	1			6		7
258212	3	2	0		7		10
258213	1	2	0		7		3
258213	2	2			6		3
258213	3	2			6		3
258214	1	1			6		7
258214	2	1			6		3
258214	3	1			6		14
258214	4	1			6		4
258214	5	1			6		4
258214	6	2	0		7		11
258217	1	2	0		7		7
258219	1	2			6		41
258220	1	1			6		7
258220	2	1	0		7		7
258220	3	2	0		7		7
258222	1	2	0		7		4
258222	2	1	0		7		4
258222	3	2			6		4
258222	4	2			6		4
258226	1	1	0		7		7
258226	2	2	0		7		7
258227	1	1	0		7		14
258227	2	2	0		7		7
258227	3	2			6		7
258228	1	1	0		7		7
258228	2	2	0		7		7
258231	1	1			6		4
258231	2	1			6		8
258233	1	2			6		3
258234	1	2	0		7		4
258235	1	2	0		7		4
258235	2	1			6		4
258235	3	2			6		4
258235	4	1			6		4
258237	1	2			6		8
258241	1	1	0		7		10
258243	1	1	0		7		7
258244	1	2	0		7		38
258245	1	2	0		7		7
258245	2	1	0		7		7
258247	1	1	0		7		41
258259	1	2			6		14
258259	2	2			6		7
258259	3	2			6		7
258259	4	2	0		7		7
258259	5	1	0		7		7
258261	1	1	0		7		11
258261	2	2	0		7		7
258261	3	1			6		7
258261	4	2			6		7
258262	1	1	0		7		25
258264	1	1	0		7		7
258266	1	2	0		7		4
258270	1	1			6		10
258270	2	1			6		10
258270	3	2			6		10
258270	4	2	0		7		14
258270	5	1	0		7		7
258272	1	2			6		13
258272	2	2			6		3
258272	3	2			6		3
258273	1	2	0		7		24
258276	1	1			6		4
258276	2	2	0		7		4
258277	1	2	0		7		14
258277	2	1			6		7
258279	1	2	0		7		4
258284	1	2	0		7		4
258286	1	1			6		42
258286	2	1			6		42
258286	3	1	0		7		42
258286	4	2	0		7		42
258287	1	1	0		7		7
258288	1	2	0		7		4
258288	2	1	0		7		4
258290	1	1	0		7		14
258292	1	1	0		7		22
258292	2	2	0		7		11
258294	1	2	0		7		7
258294	2	1	0		7		7
258303	1	1	0		7		14
258303	2	2	0		7		14
258304	1	2	0		7		8
258306	1	2	0		7		7
258308	1	1			6		9
258308	2	1			6		3
258308	3	2			6		9
258309	1	2	0		7		69
258312	1	2	0		7		4
258314	1	2	0		7		4
258314	2	1	0		7		22
258315	1	2			6		25
258317	1	2			6		14
258318	1	1	0		7		14
258318	2	2	0		7		14
258318	3	2			6		14
258319	1	1			6		7
258319	2	2			6		4
258319	3	2			6		4
258319	4	1	0		7		7
258320	1	1	0		7		21
258320	2	2	0		7		7
258322	1	2	0		7		16
258323	1	2			6		25
258324	1	2	0		7		4
258326	1	2			6		7
258327	1	2	0		7		25
258327	2	1	0		7		11
258328	1	1			6		22
258328	2	2			6		32
258328	3	2			6		39
258328	4	2			6		28
258329	1	1	0		7		22
258329	2	2	0		7		22
258329	3	2			6		11
258329	4	2			6		11
258329	5	1			6		11
258329	6	1			6		11
258331	1	1	0		7		39
258331	2	2	0		7		7
258332	1	1			6		4
258333	1	1	0		7		4
258336	1	1	0		7		59
258336	2	2	0		7		7
258338	1	2	0		7		20
258338	2	2			6		4
258339	1	1	0		7		4
258340	1	1	0		7		7
258340	2	2	0		7		7
258343	1	1	0		7		11
258344	1	2	0		7		4
258345	1	1	0		7		30
258345	2	2	0		7		7
258345	3	1			6		4
258348	1	2	0		7		28
258349	1	2	0		7		10
258350	1	2	0		7		3
258352	1	1			6		24
258352	2	1	0		7		14
258353	1	1	0		7		4
258353	2	2	0		7		4
258353	3	1			6		4
258353	4	2			6		4
258354	1	2	0		7		7
258357	1	2	0		7		3
258358	1	1	0		7		14
258358	2	2	0		7		18
258360	1	1	0		7		7
258362	1	1	0		7		4
258363	1	1	0		7		7
258363	2	2	0		7		11
258365	1	2	0		7		7
258368	1	2	0		7		4
258368	2	2			6		4
258368	3	1			6		4
258369	1	2	0		7		14
258369	2	1	0		7		14
258370	1	2			6		3
258370	2	2	0		7		4
258372	1	1	0		7		7
258372	2	2	0		7		14
258372	3	2			6		3
258372	4	1			6		7
258372	5	1			6		7
258375	1	1	0		7		7
258375	2	2	0		7		21
258375	3	2			6		4
258375	4	1			6		7
258376	1	1	0		7		11
258376	2	2	0		7		11
258376	3	2			6		4
258376	4	2			6		7
258376	5	2			6		18
258376	6	2			6		4
258376	7	1			6		4
258378	1	2	0		7		14
258382	1	1	0		7		10
258386	1	1	0		7		15
258388	1	1	0		7		8
258390	1	1	0		7		4
258391	1	1	0		7		7
258391	2	1			6		7
258391	3	2	0		7		7
258391	4	2			6		7
258393	1	2	0		7		11
258394	1	1			6		18
258394	2	2	0		7		14
258394	3	1			6		11
258394	4	2			6		11
258395	1	2	0		7		7
258396	1	1			6		37
258396	2	1	0		7		25
258396	3	2	0		7		37
258397	1	1	0		7		28
258398	1	2	0		7		11
258399	1	2			6		32
258399	2	2			6		17
258400	1	1	0		7		11
258400	2	2			6		11
258400	3	2			6		11
258402	1	2	0		7		22
258402	2	2			6		15
258407	1	2			6		3
258408	1	1	0		7		18
258408	2	2	0		7		11
258413	1	2	0		7		8
258413	2	2			6		4
258413	3	2			6		4
258414	1	1	0		7		14
258414	2	2	0		7		18
258416	1	2	0		7		7
258418	1	2	0		7		14
258421	1	2	0		7		7
258421	2	1	0		7		14
258422	1	2	0		7		4
258422	2	1	0		7		8
258422	3	1			6		11
258423	1	2	0		7		14
258424	1	1	0		7		4
258427	1	2	0		7		4
258431	1	2	0		7		25
258431	2	1	0		7		25
258432	1	2			6		11
258432	2	1			6		11
258432	3	1	0		7		18
258433	1	1			6		4
258434	1	2	0		7		11
258435	1	2	0		7		14
258435	2	1	0		7		14
258435	3	2			6		7
258436	1	1			6		4
258437	1	2			6		29
258439	1	1			6		7
258439	2	1			6		7
258441	1	1	0		7		62
258441	2	2	0		7		31
258442	1	1	0		7		28
258443	1	1	0		7		4
258444	1	1			6		28
258444	2	1			6		21
258446	1	1	0		7		7
258448	1	2	0		7		7
258451	1	2			6		14
258452	1	1	0		7		7
258454	1	2	0		7		4
258454	2	2			6		4
258454	3	1			6		4
258454	4	2			6		4
258456	1	1			6		14
258456	2	2	0		7		11
258456	3	1	0		7		7
258458	1	1			6		28
258459	1	2	0		7		4
258461	1	2	0		7		7
258462	1	2	0		7		31
258465	1	2			6		14
258467	1	2			6		4
258470	1	2	0		7		4
258471	1	1			6		21
258471	2	1			6		21
258471	3	1	0		7		7
258471	4	2	0		7		7
258472	1	1	0		7		4
258472	2	1			6		4
258472	3	2			6		25
258480	1	2	0		7		4
258480	2	2			6		4
258480	3	2			6		4
258480	4	1			6		4
258481	1	1	0		7		7
258481	2	2	0		7		14
258481	3	2			6		7
258483	1	2	0		7		39
258483	2	1	0		7		67
258486	1	2			6		10
258486	2	2	0		7		7
258486	3	1	0		7		7
258487	1	2	0		7		7
258488	1	1	0		7		7
258493	1	1	0		7		63
258493	2	2	0		7		49
258493	3	1			6		39
258494	1	1	0		7		25
258494	2	2	0		7		25
258497	1	2	0		7		7
258503	1	2	0		7		4
258505	1	1	0		7		7
258505	2	2	0		7		14
258508	1	1	0		7		7
258511	1	2	0		7		4
258511	2	2			6		4
258511	3	2			6		4
258513	1	1	0		7		24
258514	1	2	0		7		45
258514	2	1	0		7		7
258520	1	2	0		7		15
258520	2	2			6		7
258520	3	1			6		4
258523	1	1	0		7		7
258523	2	2	0		7		7
258523	3	2			6		7
258523	4	2			6		7
258523	5	1			6		14
258523	6	1			6		14
258523	7	2			6		7
258524	1	1			6		7
258528	1	2	0		7		47
258530	1	2			6		7
258530	2	2	0		7		34
258531	1	2	0		7		4
258531	2	1	0		7		4
258532	1	1	0		7		7
258540	1	2	0		7		21
258540	2	1	0		7		7
258541	1	1			6		30
258541	2	1	0		7		31
258542	1	2	0		7		7
258543	1	2	0		7		4
258545	1	2	0		7		7
258545	2	1			6		30
258545	3	2			6		34
258551	1	1	0		7		7
258555	1	2	0		7		27
258555	2	2			6		4
258555	3	2			6		4
258556	1	1	0		7		11
258556	2	2	0		7		11
258558	1	2	0		7		22
258560	1	2			6		22
258560	2	1			6		4
258564	1	1			6		7
258564	2	2	0		7		7
258565	1	2	0		7		7
258566	1	2	0		7		28
258566	2	1	0		7		21
258568	1	2	0		7		17
258570	1	2	0		7		8
258570	2	1	0		7		8
258571	1	1	0		7		4
258572	1	2			6		11
258572	2	2			6		11
258572	3	2	0		7		14
258572	4	1	0		7		7
258573	1	1	0		7		4
258577	1	2	0		7		39
258577	2	1	0		7		7
258578	1	2	0		7		7
258578	2	1	0		7		7
258579	1	1	0		7		14
258579	2	2	0		7		14
258580	1	2	0		7		11
258580	2	1	0		7		25
258581	1	1	0		7		3
258582	1	2	0		7		25
258583	1	2	0		7		12
258583	2	1			6		4
258583	3	2			6		4
258584	1	2			6		7
258586	1	2	0		7		33
258588	1	1	0		7		28
258590	1	2	0		7		4
258590	2	2			6		4
258590	3	2			6		4
258593	1	1	0		7		36
258593	2	2			6		3
258593	3	1			6		10
258594	1	2	0		7		45
258594	2	1	0		7		7
258595	1	2	0		7		42
258596	1	2	0		7		43
258596	2	1	0		7		14
258596	3	2			6		10
258596	4	2			6		10
258596	5	2			6		10
258596	6	1			6		21
258597	1	1	0		7		34
258597	2	2	0		7		7
258597	3	2			6		7
258597	4	2			6		7
258598	1	1	0		7		8
258598	2	2	0		7		4
258598	3	1			6		4
258598	4	2			6		4
258602	1	1	0		7		11
258602	2	2	0		7		18
258604	1	1	0		7		46
258604	2	2	0		7		11
258606	1	1	0		7		26
258607	1	1			6		22
258608	1	2	0		7		7
258611	1	2	0		7		70
258612	1	1	0		7		7
258615	1	1			6		7
258615	2	1			6		7
258616	1	2	0		7		21
258619	1	2	0		7		4
258620	1	2	0		7		4
258620	2	1	0		7		4
258621	1	2			6		3
258621	2	2	0		7		8
258621	3	1			6		4
258621	4	2			6		4
258622	1	1			6		4
258623	1	2	0		7		14
258623	2	2			6		14
258623	3	1			6		14
258624	1	2	0		7		4
258625	1	1	0		7		56
258625	2	2	0		7		11
258629	1	1	0		7		21
258629	2	1	0		7		7
258629	3	2	0		7		7
258632	1	2			6		38
258632	2	2	0		7		22
258634	1	2	0		7		16
258636	1	2	0		7		7
258636	2	1	0		7		7
258637	1	2			6		48
258638	1	2	0		7		17
258638	2	2			6		10
258638	3	2			6		10
258639	1	2	0		7		20
258641	1	1	0		7		7
258641	2	2	0		7		14
258642	1	1	0		7		4
258642	2	2	0		7		4
258643	1	1	0		7		4
258646	1	1	0		7		14
258646	2	2	0		7		14
258646	3	2			6		7
258652	1	2	0		7		24
258652	2	1	0		7		34
258655	1	1			6		7
258658	1	1	0		7		7
258658	2	2	0		7		7
258666	1	1	0		7		3
258666	2	2	0		7		7
258672	1	1	0		7		15
258672	2	2	0		7		33
258672	3	1			6		15
258672	4	1			6		4
258672	5	2			6		15
258672	6	2			6		4
258672	7	1			6		7
258674	1	2	0		7		14
258677	1	2	0		7		4
258678	1	2	0		7		7
258678	2	1	0		7		4
258680	1	1	0		7		4
258680	2	2	0		7		4
258680	3	2			6		4
258681	1	1	0		7		43
258681	2	2	0		7		43
258681	3	1			6		4
258681	4	2			6		11
258681	5	2			6		18
258683	1	1	0		7		38
258683	2	2	0		7		48
258683	3	1			6		4
258683	4	2			6		20
258683	5	2			6		4
258686	1	2	0		7		28
258686	2	1			6		7
258689	1	2			6		4
258690	1	2	0		7		4
258690	2	1	0		7		4
258691	1	1	0		7		14
258692	1	1	0		7		4
258692	2	2	0		7		8
258692	3	2			6		12
258692	4	1			6		11
258693	1	1	0		7		21
258693	2	2	0		7		14
258693	3	2			6		14
258695	1	2	0		7		7
258695	2	1	0		7		21
258698	1	2			6		4
258699	1	2			6		3
258699	2	2			6		8
258700	1	1			6		11
258701	1	1			6		4
258702	1	2	0		7		42
258702	2	1	0		7		32
258703	1	1	0		7		30
258703	2	2	0		7		50
258703	3	1			6		16
258703	4	1			6		16
258704	1	1	0		7		8
258705	1	1			6		7
258706	1	2			6		7
258706	2	2			6		14
258706	3	2			6		7
258708	1	2			6		4
258708	2	1	0		7		12
258711	1	1	0		7		14
258711	2	2	0		7		14
258715	1	2	0		7		14
258724	1	2			6		18
258724	2	1	0		7		21
258724	3	2	0		7		21
258724	4	1			6		21
258724	5	2			6		4
258725	1	1	0		7		7
258725	2	2	0		7		7
258729	1	2	0		7		11
258732	1	2	0		7		11
258732	2	2			6		11
258732	3	1			6		11
258732	4	1	0		7		7
258734	1	2			6		14
258736	1	1	0		7		14
258736	2	2	0		7		4
258738	1	1	0		7		7
258738	2	2	0		7		28
258739	1	1	0		7		7
258739	2	2	0		7		7
258739	3	2			6		7
258740	1	2	0		7		35
258741	1	2			6		4
258741	2	1	0		7		16
258742	1	1	0		7		13
258742	2	2	0		7		13
258742	3	2			6		13
258742	4	2			6		13
258748	1	2	0		7		7
258750	1	1	0		7		7
258752	1	2			6		20
258752	2	2			6		20
258754	1	2	0		7		7
258761	1	2			6		24
258761	2	2			6		10
258761	3	2	0		7		10
258765	1	2			6		25
258768	1	2			6		3
258768	2	2			6		3
258768	3	2			6		3
258776	1	1	0		7		8
258776	2	2	0		7		4
258777	1	2			6		12
258782	1	1	0		7		99
258782	2	2	0		7		17
258783	1	2	0		7		11
258785	1	2	0		7		7
258786	1	1	0		7		4
258786	2	2	0		7		4
258787	1	2	0		7		10
258787	2	1	0		7		17
258788	1	1	0		7		25
258789	1	1	0		7		7
258789	2	2	0		7		7
258790	1	1	0		7		4
258791	1	1	0		7		7
258791	2	2	0		7		7
258791	3	2			6		7
258796	1	2	0		7		14
258797	1	1			6		55
258797	2	1			6		4
258797	3	2			6		45
258797	4	2			6		9
258797	5	2	0		7		33
258798	1	1	0		7		32
258798	2	1			6		25
258798	3	2	0		7		32
258798	4	2			6		7
258802	1	1	0		7		7
258803	1	2	0		7		25
258806	1	1	0		7		7
258806	2	2	0		7		7
258808	1	2	0		7		21
258808	2	2			6		7
258808	3	2			6		7
258808	4	2			6		7
258808	5	1			6		7
258808	6	1			6		7
258810	1	1	0		7		21
258810	2	2	0		7		25
258813	1	2	0		7		4
258813	2	1	0		7		7
258815	1	1			6		11
258815	2	1			6		11
258815	3	1			6		11
258815	4	2			6		11
258815	5	1	0		7		4
258815	6	2	0		7		4
258816	1	2	0		7		81
258816	2	1	0		7		17
258821	1	1			6		21
258825	1	1			6		6
258826	1	2	0		7		11
258832	1	1	0		7		7
258832	2	2	0		7		7
258835	1	2	0		7		10
258835	2	1	0		7		3
258838	1	2	0		7		20
258839	1	1	0		7		4
258839	2	2	0		7		4
258840	1	2	0		7		7
258841	1	2			6		54
258842	1	1	0		7		63
258842	2	2	0		7		74
258842	3	2			6		28
258842	4	1			6		4
258845	1	2	0		7		20
258849	1	1	0		7		7
258849	2	2	0		7		7
258858	1	2	0		7		11
258858	2	1	0		7		4
258859	1	1	0		7		14
258863	1	2	0		7		7
258865	1	2			6		14
258868	1	1	0		7		7
258868	2	2	0		7		7
258873	1	1			6		11
258873	2	2			6		11
258878	1	2			6		4
258878	2	1			6		4
258881	1	2	0		7		8
258885	1	2	0		7		34
258889	1	1	0		7		24
258889	2	1			6		7
258889	3	2	0		7		7
258889	4	1			6		7
258889	5	1			6		7
258890	1	1	0		7		14
258894	1	1	0		7		24
258896	1	1	0		7		14
258897	1	1			6		14
258903	1	2	0		7		4
258905	1	2	0		7		4
258907	1	2	0		7		7
258909	1	2	0		7		7
258911	1	2	0		7		7
258915	1	2	0		7		18
258919	1	2	0		7		19
258919	2	1	0		7		7
258921	1	2			6		13
258922	1	2	0		7		28
258922	2	1	0		7		7
258929	1	1	0		7		11
258929	2	2	0		7		11
258938	1	1	0		7		7
258938	2	1			6		7
258938	3	2			6		7
258940	1	1	0		7		6
258941	1	2			6		7
258943	1	2	0		7		7
258945	1	2	0		7		7
258945	2	1	0		7		7
258947	1	1	0		7		14
258947	2	2	0		7		14
258953	1	1	0		7		11
258953	2	2	0		7		11
258953	3	1			6		11
258953	4	2			6		11
258953	5	2			6		11
258953	6	1			6		11
258954	1	1	0		7		20
258954	2	2	0		7		20
258955	1	2	0		7		11
258955	2	1	0		7		7
258959	1	1	0		7		7
258972	1	1	0		7		3
258975	1	1	0		7		10
258975	2	2	0		7		51
258975	3	1			6		40
258979	1	1	0		7		129
258979	2	2	0		7		24
258980	1	1	0		7		7
258980	2	2	0		7		22
258981	1	2	0		7		11
258982	1	2	0		7		21
258982	2	1	0		7		17
258984	1	2	0		7		31
258984	2	2			6		3
258984	3	1			6		4
258984	4	1			6		11
258993	1	2			6		11
258993	2	2			6		7
258993	3	2	0		7		11
258993	4	1	0		7		4
258995	1	2	0		7		25
258998	1	2	0		7		17
259000	1	1			6		16
259000	2	1			6		20
259001	1	2	0		7		8
259001	2	2			6		14
259007	1	2	0		7		7
259007	2	2			6		28
259009	1	2	0		7		7
259009	2	1	0		7		7
259011	1	2	0		7		7
259011	2	1	0		7		7
259011	3	2			6		7
259012	1	1	0		7		7
259013	1	2	0		7		4
259013	2	1	0		7		4
259017	1	2	0		7		8
259018	1	1	0		7		54
259018	2	2	0		7		11
259018	3	2			6		4
259018	4	1			6		18
259018	5	1			6		4
259018	6	2			6		18
259026	1	1	0		7		14
259026	2	2	0		7		7
259026	3	1			6		7
259026	4	1			6		7
259026	5	2			6		4
259028	1	2	0		7		4
259028	2	1	0		7		4
259030	1	2			6		7
259033	1	1	0		7		7
259033	2	1			6		7
259038	1	2	0		7		9
259045	1	2	0		7		18
259045	2	1	0		7		14
259046	1	1			6		14
259051	1	1	0		7		4
259053	1	2	0		7		7
259055	1	2			6		28
259060	1	2	0		7		7
259061	1	2	0		7		18
259066	1	1	0		7		14
259066	2	2	0		7		28
259069	1	2			6		7
259069	2	2			6		14
259070	1	1	0		7		14
259073	1	2	0		7		43
259081	1	2	0		7		12
259082	1	1	0		7		14
259082	2	2	0		7		14
259082	3	2			6		10
259082	4	2			6		10
259084	1	1	0		7		28
259084	2	2	0		7		25
259084	3	1			6		7
259084	4	1			6		7
259084	5	2			6		7
259084	6	2			6		7
259084	7	1			6		7
259085	1	2	0		7		20
259085	2	2			6		28
259085	3	2			6		8
259085	4	1	0		7		4
259085	5	2			6		7
259086	1	1	0		7		7
259086	2	2	0		7		7
259086	3	2			6		7
259089	1	1	0		7		22
259089	2	2	0		7		11
259092	1	1	0		7		11
259092	2	2			6		11
259092	3	1			6		11
259092	4	2	0		7		7
259092	5	2			6		7
259095	1	2	0		7		4
259095	2	2			6		4
259095	3	2			6		4
259095	4	1			6		4
259095	5	2			6		4
259098	1	2	0		7		4
259101	1	1	0		7		11
259101	2	2	0		7		7
259103	1	1	0		7		14
259103	2	2	0		7		14
259104	1	2	0		7		25
259105	1	2	0		7		7
259105	2	2			6		10
259107	1	1	0		7		24
259110	1	1	0		7		6
259110	2	2	0		7		26
259111	1	1	0		7		29
259111	2	2	0		7		7
259112	1	1	0		7		14
259112	2	2	0		7		14
259116	1	1	0		7		17
259122	1	2			6		7
259122	2	1	0		7		18
259123	1	2	0		7		14
259130	1	1	0		7		11
259130	2	2	0		7		26
259131	1	1	0		7		18
259133	1	1	0		7		4
259137	1	2	0		7		14
259141	1	2	0		7		15
259141	2	1	0		7		15
259143	1	1			6		21
259145	1	2	0		7		4
259146	1	2	0		7		6
259150	1	1	0		7		38
259151	1	1	0		7		7
259152	1	1	0		7		24
259152	2	2	0		7		14
259153	1	2	0		7		3
259153	2	1	0		7		3
259154	1	2	0		7		4
259158	1	2	0		7		12
259160	1	1	0		7		8
259162	1	2	0		7		4
259164	1	1	0		7		56
259165	1	1	0		7		3
259166	1	2			6		7
259171	1	2			6		4
259171	2	1			6		4
259171	3	2			6		4
259171	4	1	0		7		19
259171	5	2	0		7		16
259176	1	2	0		7		4
259181	1	1	0		7		24
259182	1	1	0		7		7
259182	2	2	0		7		7
259182	3	2			6		21
259182	4	1			6		7
259190	1	2			6		38
259193	1	1			6		7
259196	1	1	0		7		6
259196	2	2	0		7		3
259196	3	2			6		13
259196	4	1			6		35
259198	1	1			6		28
259199	1	1	0		7		48
259199	2	2	0		7		7
259200	1	1	0		7		43
259200	2	2	0		7		53
259201	1	1	0		7		7
259203	1	2	0		7		7
259204	1	2	0		7		49
259206	1	1	0		7		12
259208	1	2	0		7		22
259211	1	1	0		7		3
259213	1	2	0		7		7
259214	1	2			6		7
259217	1	1	0		7		7
259217	2	2	0		7		7
259218	1	2			6		21
259220	1	2	0		7		4
259221	1	1	0		7		7
259224	1	2	0		7		70
259224	2	1	0		7		22
259224	3	2			6		14
259226	1	1	0		7		4
259229	1	2			6		10
259229	2	1	0		7		7
259235	1	2			6		27
259235	2	2	0		7		8
259236	1	2	0		7		7
259239	1	2	0		7		21
259240	1	1			6		7
259240	2	2			6		7
259241	1	1	0		7		8
259241	2	2	0		7		8
259243	1	2	0		7		4
259244	1	1			6		3
259244	2	1			6		7
259244	3	1	0		7		4
259244	4	2	0		7		4
259245	1	1	0		7		7
259245	2	2	0		7		7
259249	1	2	0		7		7
259249	2	1	0		7		4
259252	1	1			6		4
259252	2	1	0		7		7
259254	1	1	0		7		4
259254	2	2	0		7		4
259256	1	2	0		7		24
259256	2	1	0		7		4
259258	1	2			6		25
259260	1	2	0		7		4
259261	1	1	0		7		7
259265	1	2	0		7		21
259269	1	1			6		7
259271	1	1	0		7		7
259271	2	2	0		7		7
259275	1	1			6		7
259275	2	2			6		7
259275	3	1			6		4
259278	1	1	0		7		7
259278	2	2	0		7		7
259278	3	1			6		7
259278	4	2			6		7
259279	1	1	0		7		11
259279	2	2	0		7		21
259282	1	2			6		14
259282	2	2	0		7		11
259287	1	1	0		7		7
259289	1	2	0		7		7
259289	2	1	0		7		7
259291	1	1	0		7		7
259292	1	1	0		7		4
259292	2	2	0		7		4
259293	1	2	0		7		6
259293	2	1	0		7		3
259294	1	2	0		7		17
259296	1	2	0		7		7
259302	1	1	0		7		11
259302	2	2	0		7		4
259302	3	1			6		7
259303	1	2			6		35
259303	2	1	0		7		4
259304	1	1	0		7		7
259304	2	2	0		7		7
259309	1	1	0		7		11
259309	2	2	0		7		7
259310	1	1	0		7		4
259310	2	2			6		4
259311	1	1	0		7		7
259311	2	2	0		7		7
259317	1	2	0		7		7
259322	1	1	0		7		7
259322	2	2	0		7		7
259322	3	2			6		4
259324	1	1	0		7		7
259324	2	2	0		7		7
259327	1	1	0		7		7
259327	2	2	0		7		7
259328	1	2	0		7		4
259328	2	1	0		7		4
259329	1	1			6		7
259331	1	1			6		21
259331	2	2			6		17
259331	3	2	0		7		11
259334	1	1			6		7
259334	2	1			6		7
259336	1	1	0		7		7
259336	2	2	0		7		7
259337	1	1			6		7
259337	2	2	0		7		4
259338	1	2			6		7
259341	1	1	0		7		20
259342	1	1	0		7		22
259343	1	2	0		7		4
259343	2	2			6		14
259343	3	1			6		18
259343	4	2			6		18
259344	1	2			6		4
259346	1	1			6		24
259346	2	1			6		24
259346	3	1			6		17
259346	4	1	0		7		53
259348	1	1	0		7		14
259348	2	2	0		7		16
259348	3	2			6		4
259349	1	2	0		7		16
259354	1	2	0		7		4
259358	1	2			6		7
259358	2	2	0		7		14
259360	1	2	0		7		29
259360	2	1			6		47
259364	1	2			6		10
259364	2	2			6		8
259364	3	2	0		7		8
259366	1	1	0		7		4
259368	1	2			6		31
259368	2	2			6		7
259368	3	2			6		7
259368	4	2			6		14
259368	5	2			6		10
259368	6	1			6		21
259370	1	2	0		7		4
259375	1	1	0		7		42
259375	2	2	0		7		42
259376	1	1	0		7		11
259377	1	1	0		7		13
259384	1	1	0		7		3
259384	2	2	0		7		3
259385	1	1	0		7		17
259385	2	2	0		7		17
259388	1	1	0		7		15
259391	1	2	0		7		7
259395	1	1			6		7
259396	1	1	0		7		3
259402	1	2	0		7		4
259402	2	1	0		7		7
259404	1	2	0		7		13
259404	2	1	0		7		7
259407	1	1	0		7		7
259407	2	2	0		7		11
259414	1	2	0		7		7
259420	1	1			6		10
259425	1	2	0		7		11
259425	2	2			6		7
259425	3	2			6		7
259427	1	1			6		7
259430	1	2	0		7		21
259430	2	1	0		7		14
259432	1	2			6		45
259432	2	1			6		56
259432	3	1			6		7
259433	1	1	0		7		14
259433	2	2	0		7		18
259434	1	2	0		7		14
259436	1	2			6		7
259437	1	1	0		7		14
259437	2	2	0		7		21
259437	3	1			6		7
259441	1	2			6		10
259441	2	1			6		14
259441	3	2			6		14
259441	4	1			6		7
259444	1	2	0		7		14
259446	1	2	0		7		31
259446	2	1	0		7		24
259446	3	1			6		7
259449	1	1	0		7		14
259452	1	2	0		7		7
259452	2	1	0		7		7
259452	3	2			6		7
259452	4	1			6		7
259453	1	2	0		7		7
259453	2	1	0		7		7
259456	1	1	0		7		24
259458	1	1	0		7		7
259459	1	2	0		7		42
259460	1	2	0		7		21
259460	2	1	0		7		7
259466	1	1	0		7		44
259466	2	2	0		7		18
259466	3	2			6		7
259466	4	1			6		7
259477	1	1			6		7
259478	1	2	0		7		7
259478	2	1	0		7		19
259480	1	1	0		7		7
259481	1	1			6		3
259481	2	2	0		7		3
259482	1	2	0		7		30
259482	2	2			6		7
259483	1	1	0		7		21
259486	1	2	0		7		36
259486	2	1	0		7		12
259487	1	1			6		7
259488	1	2	0		7		10
259491	1	1	0		7		35
259492	1	1	0		7		50
259492	2	2	0		7		40
259492	3	1			6		7
259492	4	1			6		7
259493	1	1	0		7		21
259495	1	1	0		7		7
259495	2	2	0		7		7
259496	1	1	0		7		25
259496	2	1			6		11
259496	3	2			6		7
259496	4	2	0		7		7
259498	1	2	0		7		8
259500	1	1	0		7		4
259500	2	2	0		7		4
259510	1	1			6		9
259510	2	1			6		9
259510	3	1			6		51
259510	4	2			6		14
259510	5	2			6		35
259510	6	2	0		7		8
259511	1	1	0		7		7
259512	1	2			6		4
259512	2	1	0		7		4
259513	1	2			6		7
259513	2	2			6		3
259513	3	1	0		7		4
259513	4	2	0		7		4
259515	1	1	0		7		14
259515	2	2	0		7		18
259515	3	2			6		11
259515	4	1			6		7
259516	1	1	0		7		7
259517	1	1			6		7
259518	1	2	0		7		14
259520	1	1	0		7		7
259522	1	2	0		7		7
259527	1	1	0		7		8
259527	2	2	0		7		12
259532	1	1	0		7		32
259538	1	2	0		7		7
259540	1	2	0		7		3
259542	1	2	0		7		7
259542	2	1			6		7
259543	1	2	0		7		22
259543	2	1	0		7		7
259544	1	2			6		34
259548	1	1			6		21
259548	2	2			6		21
259548	3	1	0		7		56
259548	4	2	0		7		14
259549	1	1	0		7		7
259549	2	2	0		7		7
259564	1	2	0		7		15
259564	2	1	0		7		4
259566	1	2	0		7		18
259566	2	1	0		7		7
259568	1	1	0		7		7
259568	2	2	0		7		7
259568	3	2			6		7
259568	4	2			6		7
259577	1	1	0		7		28
259582	1	1	0		7		3
259582	2	2	0		7		14
259582	3	1			6		7
259582	4	2			6		7
259583	1	1	0		7		4
259584	1	1	0		7		7
259585	1	2	0		7		4
259586	1	2	0		7		12
259586	2	2			6		4
259587	1	1	0		7		21
259588	1	1	0		7		11
259589	1	1	0		7		7
259589	2	2	0		7		18
259595	1	1			6		7
259595	2	2			6		7
259595	3	1	0		7		7
259600	1	2	0		7		31
259604	1	1	0		7		12
259608	1	1	0		7		4
259609	1	1			6		10
259609	2	2	0		7		4
259611	1	1			6		14
259611	2	1			6		7
259612	1	1	0		7		46
259612	2	2	0		7		46
259613	1	2			6		7
259613	2	2			6		7
259613	3	2			6		14
259613	4	1			6		7
259613	5	2	0		7		17
259615	1	1	0		7		7
259615	2	2	0		7		7
259617	1	1	0		7		7
259617	2	2	0		7		7
259621	1	2	0		7		21
259622	1	2	0		7		11
259632	1	1	0		7		40
259647	1	2			6		7
259647	2	1	0		7		25
259647	3	2	0		7		25
259649	1	2	0		7		4
259649	2	1			6		15
259651	1	1	0		7		25
259651	2	2	0		7		30
259651	3	1			6		7
259651	4	1			6		7
259651	5	2			6		14
259652	1	2	0		7		4
259659	1	2	0		7		11
259661	1	2	0		7		7
259661	2	1	0		7		10
259662	1	1	0		7		11
259662	2	1			6		7
259662	3	1			6		11
259669	1	2	0		7		7
259669	2	2			6		7
259670	1	1	0		7		11
259671	1	2	0		7		8
259672	1	1	0		7		7
259672	2	2	0		7		7
259680	1	1	0		7		7
259682	1	1	0		7		3
259682	2	2	0		7		7
259683	1	2	0		7		7
259683	2	1	0		7		7
259685	1	2	0		7		31
259685	2	1	0		7		24
259689	1	1			6		7
259689	2	2			6		7
259689	3	1	0		7		7
259701	1	1	0		7		11
259702	1	1	0		7		14
259702	2	2	0		7		31
259702	3	1			6		28
259702	4	2			6		21
259704	1	2			6		31
259704	2	1	0		7		21
259704	3	2	0		7		14
259704	4	2			6		14
259704	5	2			6		7
259706	1	2			6		7
259707	1	2			6		7
259707	2	1			6		7
259707	3	2			6		7
259707	4	1	0		7		35
259707	5	2	0		7		24
259707	6	1			6		18
259708	1	1	0		7		3
259708	2	2	0		7		11
259710	1	2	0		7		27
259711	1	2	0		7		7
259711	2	1			6		7
259711	3	2			6		7
259712	1	2	0		7		10
259712	2	1	0		7		22
259719	1	2			6		7
259721	1	1			6		7
259721	2	2			6		12
259725	1	1	0		7		21
259725	2	2			6		21
259730	1	1	0		7		34
259730	2	2	0		7		33
259734	1	1	0		7		7
259737	1	1	0		7		7
259744	1	1	0		7		7
259744	2	2	0		7		18
259744	3	1			6		7
259747	1	2	0		7		73
259747	2	1			6		14
259747	3	1			6		14
259747	4	2			6		14
259747	5	2			6		7
259747	6	1			6		14
259747	7	1	0		7		7
259750	1	2	0		7		12
259750	2	1			6		4
259751	1	1	0		7		14
259751	2	2	0		7		7
259757	1	1	0		7		7
259757	2	2	0		7		7
259757	3	2			6		7
259757	4	2			6		7
259758	1	2			6		7
259758	2	1			6		7
259761	1	1	0		7		61
259761	2	2	0		7		12
259761	3	1			6		4
259761	4	2			6		4
259761	5	1			6		4
259761	6	2			6		4
259761	7	1			6		8
259764	1	2	0		7		7
259764	2	1	0		7		7
259765	1	1	0		7		14
259765	2	2	0		7		14
259765	3	1			6		7
259765	4	1			6		7
259765	5	2			6		7
259765	6	2			6		14
259765	7	1			6		7
259768	1	2	0		7		14
259768	2	2			6		14
259769	1	2	0		7		4
259769	2	1			6		3
259769	3	2			6		3
259770	1	2	0		7		7
259771	1	2			6		11
259772	1	1	0		7		4
259772	2	2	0		7		11
259774	1	1	0		7		14
259774	2	2	0		7		7
259775	1	2	0		7		27
259775	2	1			6		8
259775	3	2			6		4
259775	4	1			6		8
259775	5	1	0		7		10
259775	6	2			6		10
259778	1	1	0		7		7
259778	2	2	0		7		7
259778	3	1			6		7
259782	1	1	0		7		14
259782	2	2	0		7		42
259787	1	1	0		7		15
259787	2	2	0		7		26
259787	3	2			6		7
259787	4	2			6		7
259789	1	2	0		7		21
259789	2	1	0		7		28
259789	3	2			6		14
259791	1	1	0		7		15
259793	1	2	0		7		7
259796	1	1			6		4
259796	2	1			6		7
259796	3	1			6		7
259796	4	2			6		7
259796	5	1			6		7
259796	6	2	0		7		42
259796	7	1	0		7		49
259798	1	1	0		7		14
259798	2	2	0		7		14
259798	3	1			6		17
259799	1	1	0		7		30
259800	1	1	0		7		4
259800	2	2			6		4
259800	3	2			6		4
259800	4	1			6		4
259801	1	1	0		7		28
259805	1	1			6		4
259805	2	1	0		7		7
259810	1	1	0		7		49
259812	1	1			6		6
259812	2	2	0		7		4
259812	3	2			6		4
259812	4	2			6		7
259814	1	2			6		28
259814	2	2			6		14
259820	1	1	0		7		4
259820	2	2	0		7		12
259821	1	1	0		7		24
259821	2	2	0		7		24
259821	3	1			6		24
259821	4	2			6		24
259821	5	2			6		7
259823	1	2	0		7		18
259824	1	2	0		7		4
259824	2	2			6		4
259824	3	2			6		4
259825	1	2	0		7		7
259825	2	2			6		4
259826	1	1	0		7		4
259826	2	2			6		21
259830	1	1	0		7		28
259831	1	2	0		7		38
259831	2	1	0		7		14
259833	1	1	0		7		17
259836	1	2	0		7		14
259844	1	2			6		7
259845	1	2	0		7		8
259845	2	1	0		7		4
259846	1	1			6		10
259846	2	1			6		10
259847	1	1	0		7		7
259847	2	2	0		7		7
259850	1	1	0		7		4
259850	2	2	0		7		12
259852	1	2	0		7		76
259852	2	2			6		15
259852	3	2			6		15
259855	1	1	0		7		13
259855	2	1	0		7		7
259855	3	2	0		7		7
259856	1	2	0		7		7
259857	1	2			6		14
259858	1	1	0		7		4
259867	1	1			6		7
259868	1	1	0		7		7
259873	1	1	0		7		14
259873	2	1			6		7
259873	3	2	0		7		7
259876	1	1	0		7		22
259876	2	2	0		7		33
259879	1	1	0		7		7
259879	2	2	0		7		4
259881	1	2	0		7		25
259881	2	1	0		7		7
259881	3	1			6		7
259886	1	1			6		4
259886	2	1	0		7		34
259890	1	2			6		7
259890	2	1	0		7		20
259890	3	2	0		7		7
259893	1	1	0		7		4
259893	2	2	0		7		4
259895	1	2			6		21
259898	1	1	0		7		48
259900	1	2	0		7		11
259902	1	2	0		7		21
259902	2	1	0		7		21
259902	3	1			6		7
259902	4	2			6		4
259903	1	2	0		7		6
259904	1	2	0		7		10
259904	2	1	0		7		10
259905	1	2			6		17
259905	2	1			6		7
259906	1	1			6		38
259906	2	1			6		7
259909	1	1	0		7		25
259909	2	2	0		7		28
259911	1	1	0		7		21
259913	1	2	0		7		28
259913	2	1	0		7		28
259913	3	2			6		14
259913	4	1			6		7
259914	1	1	0		7		7
259914	2	2	0		7		21
259915	1	1	0		7		7
259921	1	1			6		20
259921	2	2	0		7		4
259924	1	1	0		7		7
259926	1	1			6		7
259926	2	1			6		7
259927	1	2	0		7		7
259927	2	1			6		20
259927	3	2			6		14
259928	1	2	0		7		61
259928	2	1	0		7		28
259928	3	2			6		4
259928	4	1			6		4
259928	5	2			6		11
259928	6	1			6		4
259928	7	2			6		4
259930	1	2			6		7
259931	1	1	0		7		21
259938	1	2	0		7		8
259938	2	1	0		7		8
259938	3	1			6		4
259938	4	1			6		4
259938	5	2			6		4
259938	6	2			6		4
259941	1	1			6		10
259941	2	1	0		7		28
259942	1	1	0		7		7
259943	1	2			6		7
259943	2	2			6		11
259944	1	2	0		7		3
259945	1	1			6		28
259951	1	2	0		7		7
259952	1	1	0		7		21
259953	1	1	0		7		52
259954	1	1	0		7		27
259954	2	2	0		7		27
259955	1	2	0		7		4
259955	2	1	0		7		43
259956	1	2			6		14
259956	2	1			6		21
259956	3	2	0		7		21
259957	1	2	0		7		24
259957	2	1	0		7		4
259963	1	2	0		7		17
259967	1	1	0		7		57
259967	2	2	0		7		18
259968	1	1	0		7		14
259968	2	2			6		11
259968	3	1			6		11
259970	1	1	0		7		11
259970	2	2	0		7		11
259971	1	1			6		7
259974	1	2	0		7		4
259974	2	2			6		4
259974	3	1			6		4
259981	1	1	0		7		8
259982	1	1	0		7		7
259983	1	2	0		7		31
259988	1	2	0		7		4
259995	1	1			6		14
259995	2	2			6		14
260000	1	1			6		35
260000	2	1			6		11
260000	3	1			6		4
260000	4	1			6		4
260000	5	1	0		7		15
260000	6	2	0		7		22
260004	1	2	0		7		8
260004	2	1	0		7		7
260004	3	1			6		21
260004	4	2			6		21
260006	1	2	0		7		11
260010	1	1	0		7		14
260012	1	2	0		7		7
260015	1	2	0		7		7
260015	2	1	0		7		7
260017	1	2	0		7		14
260020	1	1			6		7
260021	1	1	0		7		3
260025	1	1	0		7		25
260025	2	2	0		7		7
260027	1	1	0		7		7
260027	2	2	0		7		20
260034	1	2	0		7		7
260038	1	1	0		7		7
260039	1	2	0		7		7
260043	1	1			6		35
260043	2	1	0		7		62
260044	1	1	0		7		29
260044	2	2	0		7		7
260048	1	2	0		7		21
260048	2	1	0		7		18
260051	1	2	0		7		7
260053	1	2	0		7		14
260053	2	1	0		7		7
260053	3	2			6		7
260053	4	1			6		7
260053	5	1			6		7
260053	6	1			6		7
260053	7	1			6		7
260055	1	1			6		28
260059	1	1	0		7		7
260059	2	2	0		7		7
260060	1	1	0		7		4
260060	2	2	0		7		4
260061	1	1	0		7		7
260061	2	2	0		7		21
260064	1	1	0		7		7
260064	2	2	0		7		11
260064	3	2			6		7
260064	4	2			6		7
260064	5	1			6		39
260064	6	1			6		7
260066	1	2	0		7		18
260066	2	1			6		18
260066	3	1			6		18
260068	1	1	0		7		16
260068	2	2			6		4
260072	1	1	0		7		7
260073	1	1	0		7		4
260075	1	1	0		7		14
260077	1	1	0		7		4
260077	2	2	0		7		4
260077	3	2			6		50
260077	4	1			6		4
260077	5	1			6		4
260077	6	1			6		4
260079	1	2			6		21
260079	2	1			6		21
260080	1	2	0		7		21
260085	1	1			6		10
260087	1	2	0		7		24
260087	2	1	0		7		7
260088	1	1	0		7		7
260089	1	1	0		7		7
260099	1	2	0		7		7
260103	1	1	0		7		7
260105	1	1	0		7		4
260105	2	2	0		7		4
260107	1	2	0		7		21
260108	1	1	0		7		26
260108	2	2	0		7		26
260110	1	1	0		7		42
260110	2	2	0		7		46
260113	1	1	0		7		7
260114	1	2	0		7		7
260119	1	1	0		7		4
260120	1	2	0		7		7
260122	1	1	0		7		42
260123	1	1			6		45
260123	2	1	0		7		8
260123	3	2	0		7		8
260127	1	2	0		7		4
260128	1	1			6		7
260130	1	2	0		7		11
260130	2	2	0		7		7
260132	1	2			6		47
260136	1	2	0		7		7
260139	1	2			6		14
260139	2	1	0		7		32
260139	3	2	0		7		25
260140	1	1	0		7		8
260140	2	2	0		7		4
260142	1	1			6		7
260142	2	2	0		7		4
260142	3	1	0		7		14
260144	1	2	0		7		4
260144	2	2			6		4
260145	1	1	0		7		4
260152	1	2	0		7		22
260153	1	1	0		7		28
260153	2	2	0		7		35
260156	1	2			6		4
260156	2	2			6		4
260158	1	2	0		7		11
260159	1	2	0		7		7
260161	1	1	0		7		11
260161	2	2	0		7		11
260165	1	1	0		7		14
260165	2	2	0		7		14
260171	1	1	0		7		7
260171	2	2	0		7		10
260173	1	2	0		7		36
260182	1	1	0		7		7
260183	1	1			6		18
260189	1	2			6		31
260189	2	1			6		17
260191	1	2	0		7		18
260191	2	1	0		7		18
260191	3	2			6		91
260192	1	2	0		7		20
260194	1	1	0		7		11
260195	1	2			6		18
260195	2	2			6		18
260195	3	2			6		4
260195	4	2	0		7		8
260195	5	1	0		7		15
260198	1	1			6		4
260198	2	2			6		14
260198	3	2			6		7
260199	1	1	0		7		4
260201	1	2	0		7		3
260204	1	1	0		7		47
260204	2	2	0		7		22
260204	3	1			6		29
260206	1	2			6		7
260208	1	2	0		7		18
260208	2	1	0		7		3
260215	1	2	0		7		7
260217	1	1	0		7		7
260221	1	1	0		7		17
260221	2	2	0		7		3
260222	1	1	0		7		7
260225	1	1	0		7		7
260227	1	2	0		7		14
260227	2	1			6		7
260227	3	1	0		7		7
260227	4	2			6		7
260231	1	2	0		7		7
260232	1	2	0		7		4
260232	2	2			6		14
260233	1	1	0		7		7
260233	2	1			6		7
260235	1	2	0		7		7
260235	2	1	0		7		7
260239	1	2	0		7		7
260242	1	2	0		7		4
260244	1	2	0		7		42
260244	2	2			6		39
260244	3	1			6		39
260244	4	1	0		7		7
260249	1	2	0		7		73
260251	1	2	0		7		25
260251	2	1	0		7		21
260255	1	1	0		7		36
260255	2	1			6		4
260255	3	1			6		4
260261	1	1	0		7		38
260261	2	2	0		7		42
260265	1	1	0		7		7
260265	2	2	0		7		10
260265	3	1			6		10
260267	1	2	0		7		24
260267	2	2			6		3
260270	1	1	0		7		7
260270	2	2	0		7		7
260270	3	1			6		7
260272	1	1	0		7		10
260272	2	2	0		7		7
260272	3	2			6		4
260272	4	1			6		17
260272	5	1			6		10
260273	1	2	0		7		18
260278	1	1	0		7		4
260278	2	2	0		7		4
260281	1	1	0		7		7
260281	2	2	0		7		7
260284	1	1	0		7		28
260284	2	2	0		7		39
260285	1	2			6		10
260285	2	2			6		3
260290	1	2	0		7		4
260293	1	1	0		7		21
260293	2	2	0		7		21
260305	1	1	0		7		11
260305	2	2	0		7		11
260305	3	1			6		11
260305	4	1			6		11
260307	1	1	0		7		4
260309	1	2	0		7		4
260313	1	1	0		7		14
260315	1	2	0		7		40
260318	1	2	0		7		8
260318	2	1	0		7		4
260319	1	2	0		7		7
260322	1	1	0		7		28
260322	2	2	0		7		28
260323	1	1			6		7
260323	2	2	0		7		22
260323	3	1	0		7		14
260324	1	2			6		6
260324	2	1			6		27
260324	3	2			6		27
260324	4	2			6		27
260325	1	2	0		7		7
260327	1	2	0		7		11
260327	2	1	0		7		7
260327	3	1			6		4
260330	1	2	0		7		20
260331	1	2	0		7		15
260333	1	2	0		7		4
260333	2	1			6		4
260333	3	1			6		4
260333	4	2			6		4
260335	1	1			6		7
260339	1	1	0		7		7
260339	2	1			6		7
260339	3	1			6		11
260339	4	1			6		18
260339	5	1			6		11
260339	6	1			6		7
260339	7	2			6		7
260341	1	2	0		7		32
260342	1	2	0		7		7
260345	1	2	0		7		7
260345	2	1	0		7		16
260345	3	1			6		12
260346	1	1	0		7		4
260346	2	2	0		7		4
260346	3	1			6		4
260353	1	2	0		7		4
260355	1	2	0		7		8
260355	2	1			6		4
260355	3	1			6		4
260355	4	1			6		4
260355	5	2			6		4
260357	1	1	0		7		46
260360	1	1	0		7		7
260360	2	2	0		7		7
260364	1	1	0		7		21
260364	2	2	0		7		25
260365	1	1	0		7		32
260365	2	2	0		7		4
260368	1	1	0		7		7
260368	2	2	0		7		11
260368	3	1			6		4
260368	4	1			6		4
260368	5	1			6		4
260369	1	2	0		7		4
260371	1	1			6		7
260371	2	2	0		7		11
260372	1	1	0		7		4
260374	1	2			6		31
260374	2	2			6		41
260374	3	1			6		10
260374	4	1			6		10
260374	5	1			6		10
260374	6	2	0		7		10
260376	1	2	0		7		36
260378	1	2	0		7		11
260378	2	1	0		7		7
260379	1	1	0		7		6
260379	2	2	0		7		14
260379	3	1			6		14
260381	1	1	0		7		7
260387	1	1	0		7		7
260389	1	1	0		7		7
260389	2	1			6		7
260389	3	2	0		7		7
260389	4	2			6		7
260390	1	2	0		7		3
260391	1	2	0		7		4
260396	1	1			6		48
260396	2	1			6		4
260396	3	2	0		7		4
260396	4	1	0		7		14
260396	5	2	0		7		14
260396	6	1	0		7		11
260396	7	2	0		7		11
260399	1	1	0		7		3
260400	1	2	0		7		21
260400	2	1	0		7		21
260402	1	2			6		7
260403	1	1			6		7
260404	1	2	0		7		3
260404	2	1	0		7		3
260405	1	2			6		4
260406	1	1	0		7		4
260408	1	2			6		7
260409	1	1	0		7		3
260413	1	1	0		7		11
260415	1	1	0		7		7
260418	1	1	0		7		42
260422	1	1	0		7		11
260427	1	1	0		7		21
260427	2	2	0		7		21
260427	3	2			6		7
260428	1	1	0		7		21
260430	1	1	0		7		21
260430	2	2			6		3
260431	1	1	0		7		7
260432	1	1	0		7		24
260433	1	1			6		3
260435	1	1	0		7		10
260436	1	2	0		7		22
260436	2	1			6		18
260440	1	2	0		7		16
260440	2	1			6		4
260440	3	1			6		8
260440	4	1			6		7
260441	1	2			6		7
260446	1	2			6		11
260446	2	1			6		11
260446	3	2	0		7		4
260449	1	2			6		8
260449	2	1			6		8
260449	3	1			6		8
260450	1	1	0		7		7
260452	1	2	0		7		4
260452	2	1	0		7		21
260456	1	1			6		7
260456	2	1			6		7
260457	1	1			6		29
260457	2	1			6		29
260457	3	2			6		21
260459	1	2	0		7		8
260461	1	2			6		3
260464	1	1	0		7		8
260464	2	2	0		7		4
260468	1	2	0		7		7
260468	2	1	0		7		7
260468	3	1			6		7
260470	1	1	0		7		14
260470	2	2	0		7		21
260470	3	2			6		7
260470	4	2			6		4
260474	1	2			6		3
260474	2	2	0		7		7
260476	1	2	0		7		16
260476	2	1	0		7		3
260478	1	1	0		7		14
260482	1	1			6		7
260482	2	1			6		7
260482	3	2			6		14
260482	4	1	0		7		21
260482	5	2	0		7		28
260486	1	1	0		7		42
260488	1	2	0		7		4
260488	2	1	0		7		7
260492	1	1	0		7		4
260492	2	2	0		7		14
260493	1	2			6		21
260493	2	2			6		28
260493	3	1	0		7		7
260493	4	2	0		7		39
260494	1	1	0		7		21
260495	1	2			6		7
260495	2	1	0		7		24
260495	3	2	0		7		7
260497	1	2	0		7		14
260497	2	1	0		7		14
260498	1	2			6		24
260503	1	1	0		7		7
260504	1	1	0		7		4
260504	2	2	0		7		4
260505	1	2			6		7
260505	2	1			6		7
260508	1	2	0		7		7
260510	1	1	0		7		11
260510	2	2	0		7		11
260511	1	1	0		7		7
260513	1	1	0		7		4
260522	1	1	0		7		18
260522	2	2	0		7		14
260530	1	2	0		7		3
260530	2	1	0		7		3
260531	1	1	0		7		7
260537	1	1			6		11
260537	2	2			6		11
260537	3	2			6		11
260537	4	1			6		11
260537	5	1	0		7		15
260537	6	2	0		7		18
260540	1	1	0		7		21
260540	2	2	0		7		21
260542	1	2	0		7		7
260547	1	1	0		7		49
260548	1	1			6		31
260552	1	1			6		34
260555	1	1			6		7
260557	1	1	0		7		7
260558	1	1			6		14
260560	1	1			6		7
260560	2	2			6		14
260561	1	1	0		7		10
260562	1	1	0		7		7
260564	1	1	0		7		14
260567	1	2	0		7		7
260567	2	1	0		7		7
260572	1	2	0		7		21
260572	2	1	0		7		14
260575	1	2			6		7
260578	1	2	0		7		25
260581	1	1	0		7		28
260581	2	2	0		7		28
260581	3	1			6		7
260581	4	2			6		7
260581	5	2			6		7
260581	6	2			6		7
260583	1	2	0		7		7
260584	1	2	0		7		7
260584	2	1	0		7		7
260585	1	2	0		7		7
260587	1	1	0		7		21
260589	1	1	0		7		14
260590	1	2	0		7		7
260590	2	1	0		7		7
260591	1	2	0		7		4
260592	1	1	0		7		4
260592	2	2	0		7		4
260594	1	2	0		7		23
260594	2	1			6		31
260596	1	2	0		7		24
260596	2	1	0		7		4
260596	3	2			6		4
260602	1	1	0		7		7
260612	1	2	0		7		7
260613	1	2	0		7		7
260614	1	2			6		14
260615	1	1	0		7		14
260615	2	2	0		7		7
260616	1	1	0		7		21
260616	2	2	0		7		3
260616	3	1			6		21
260617	1	1			6		14
260618	1	2	0		7		21
260618	2	1	0		7		7
260627	1	1	0		7		7
260627	2	2	0		7		15
260628	1	2			6		10
260632	1	2	0		7		28
260632	2	1	0		7		28
260633	1	2	0		7		20
260633	2	1	0		7		20
260635	1	1	0		7		14
260635	2	2	0		7		7
260638	1	2	0		7		14
260642	1	2	0		7		7
260646	1	1	0		7		7
260647	1	2			6		24
260649	1	1	0		7		21
260649	2	2	0		7		24
260652	1	2			6		18
260652	2	1	0		7		28
260652	3	2	0		7		4
260654	1	2	0		7		8
260654	2	1	0		7		4
260656	1	1			6		10
260656	2	1			6		7
260656	3	2	0		7		14
260656	4	1	0		7		14
260656	5	2			6		7
260656	6	2			6		7
260657	1	1			6		21
260657	2	1			6		11
260657	3	1	0		7		11
260657	4	2	0		7		22
260658	1	1	0		7		18
260658	2	2	0		7		36
260658	3	2			6		25
260660	1	2			6		12
260661	1	2	0		7		14
260664	1	1	0		7		11
260664	2	2	0		7		25
260664	3	2			6		14
260664	4	2			6		14
260665	1	1	0		7		7
260665	2	2	0		7		7
260666	1	1	0		7		10
260666	2	2	0		7		10
260667	1	1	0		7		4
260671	1	2	0		7		21
260672	1	2			6		3
260672	2	1	0		7		7
260680	1	1	0		7		7
260680	2	2	0		7		7
260680	3	1			6		7
260683	1	2	0		7		25
260683	2	1	0		7		7
260683	3	2			6		11
260683	4	1			6		7
260683	5	1			6		7
260688	1	2	0		7		25
260688	2	1	0		7		14
260691	1	2			6		12
260692	1	2	0		7		16
260692	2	1	0		7		4
260697	1	1	0		7		8
260697	2	2	0		7		27
260698	1	1	0		7		42
260699	1	1	0		7		7
260701	1	2			6		11
260701	2	2	0		7		4
260703	1	1	0		7		24
260703	2	1	0		7		4
260710	1	1	0		7		21
260711	1	1			6		7
260711	2	2	0		7		4
260713	1	1	0		7		14
260713	2	2	0		7		10
260714	1	2	0		7		11
260717	1	1	0		7		14
260720	1	2	0		7		7
260722	1	1	0		7		14
260723	1	2	0		7		14
260724	1	2	0		7		49
260724	2	1	0		7		4
260730	1	2	0		7		11
260732	1	2	0		7		4
260732	2	2			6		4
260732	3	2			6		4
260733	1	1	0		7		4
260733	2	2	0		7		4
260735	1	2			6		10
260735	2	1			6		10
260735	3	1			6		20
260735	4	1	0		7		7
260735	5	2	0		7		7
260737	1	1			6		7
260737	2	1			6		7
260741	1	1	0		7		4
260741	2	2	0		7		4
260743	1	1	0		7		8
260743	2	2			6		7
260747	1	1	0		7		7
260749	1	2	0		7		7
260749	2	1	0		7		7
260749	3	2			6		7
260758	1	1	0		7		11
260759	1	1	0		7		7
260762	1	1	0		7		25
260764	1	2	0		7		4
260767	1	2			6		12
260767	2	1	0		7		11
260767	3	2	0		7		11
260768	1	2	0		7		28
260769	1	1			6		7
260770	1	2	0		7		21
260772	1	2	0		7		15
260772	2	1	0		7		7
260777	1	2	0		7		7
260780	1	2	0		7		18
260781	1	1	0		7		17
260788	1	2	0		7		36
260791	1	1			6		24
260792	1	2	0		7		4
260793	1	1	0		7		7
260793	2	2	0		7		18
260793	3	2			6		7
260800	1	1	0		7		15
260800	2	2	0		7		4
260805	1	1	0		7		7
260805	2	2	0		7		7
260806	1	1	0		7		4
260806	2	2	0		7		4
260807	1	1	0		7		7
260807	2	2	0		7		7
260809	1	1	0		7		14
260809	2	2	0		7		7
260809	3	1			6		7
260809	4	2			6		7
260810	1	2	0		7		7
260811	1	1			6		24
260811	2	1			6		14
260811	3	1			6		14
260811	4	2	0		7		7
260812	1	2	0		7		30
260815	1	2			6		14
260815	2	1			6		14
260815	3	1			6		7
260815	4	2	0		7		21
260815	5	1	0		7		7
260817	1	2			6		39
260817	2	2			6		7
260817	3	2			6		7
260818	1	2	0		7		14
260818	2	1	0		7		7
260822	1	1	0		7		7
260823	1	2			6		7
260824	1	1	0		7		11
260825	1	2			6		25
260825	2	2			6		14
260828	1	2	0		7		7
260831	1	1	0		7		14
260831	2	2	0		7		14
260832	1	1			6		7
260832	2	1			6		7
260832	3	1			6		7
260832	4	1	0		7		14
260834	1	1	0		7		57
260835	1	2	0		7		8
260838	1	1	0		7		38
260838	2	2	0		7		58
260839	1	1	0		7		3
260839	2	2	0		7		7
260839	3	2			6		7
260839	4	2			6		7
260843	1	1	0		7		7
260844	1	2			6		21
260844	2	2			6		21
260845	1	1	0		7		14
260847	1	1	0		7		90
260847	2	1			6		56
260847	3	2	0		7		7
260850	1	2	0		7		37
260850	2	1	0		7		15
260850	3	1			6		7
260850	4	2			6		7
260860	1	1	0		7		7
260860	2	2	0		7		7
260864	1	1	0		7		12
260865	1	1	0		7		7
260866	1	1	0		7		12
260866	2	2	0		7		4
260867	1	2	0		7		7
260867	2	1	0		7		7
260868	1	1	0		7		7
260869	1	1			6		21
260871	1	2	0		7		4
260871	2	1	0		7		4
260871	3	2			6		4
260871	4	1			6		4
260871	5	1	0		7		7
260872	1	2			6		7
260872	2	1			6		7
260872	3	1			6		7
260872	4	2			6		7
260873	1	1	0		7		17
260875	1	1			6		4
260875	2	2	0		7		4
260876	1	1	0		7		24
260878	1	2	0		7		8
260878	2	1	0		7		12
260878	3	1			6		4
260884	1	1	0		7		7
260884	2	2	0		7		7
260884	3	1			6		7
260884	4	2			6		7
260884	5	1			6		7
260886	1	1	0		7		14
260886	2	2	0		7		14
260887	1	2			6		11
260887	2	1			6		11
260887	3	2	0		7		11
260888	1	1	0		7		7
260888	2	1			6		7
260888	3	1			6		7
260888	4	2	0		7		14
260890	1	1	0		7		24
260890	2	2	0		7		24
260890	3	1			6		7
260891	1	1	0		7		11
260891	2	2	0		7		7
260892	1	1	0		7		7
260894	1	2	0		7		7
260894	2	1	0		7		14
260895	1	1	0		7		7
260895	2	2	0		7		20
260896	1	2	0		7		14
260905	1	2	0		7		4
260905	2	2			6		11
260905	3	1	0		7		4
260905	4	1			6		4
260905	5	2			6		7
260907	1	1	0		7		24
260916	1	2			6		8
260917	1	1	0		7		4
260917	2	2	0		7		4
260919	1	2	0		7		21
260920	1	1	0		7		7
260921	1	1			6		10
260924	1	2			6		7
260927	1	2	0		7		7
260930	1	1	0		7		7
260930	2	2	0		7		13
260935	1	1	0		7		95
260935	2	2	0		7		47
260935	3	2			6		11
260935	4	2			6		11
260938	1	1	0		7		27
260938	2	2	0		7		27
260944	1	2	0		7		7
260944	2	1	0		7		7
260945	1	1	0		7		24
260949	1	1	0		7		4
260949	2	2	0		7		4
260951	1	1	0		7		42
260951	2	2	0		7		7
260953	1	2	0		7		7
260957	1	2	0		7		32
260957	2	1	0		7		28
260960	1	1			6		4
260960	2	2	0		7		4
260961	1	2	0		7		11
260962	1	2	0		7		14
260963	1	1	0		7		10
260963	2	2	0		7		10
260964	1	2	0		7		4
260967	1	2			6		12
260967	2	1			6		8
260967	3	1	0		7		7
260967	4	2	0		7		14
260967	5	1			6		7
260967	6	2			6		7
260967	7	2			6		7
260968	1	2	0		7		13
260970	1	1	0		7		7
260970	2	2	0		7		7
260972	1	1	0		7		7
260974	1	2	0		7		14
260974	2	2			6		14
260978	1	1	0		7		56
260978	2	2	0		7		74
260982	1	1	0		7		7
260983	1	1			6		11
260983	2	1	0		7		14
260983	3	2			6		18
260983	4	2			6		22
260983	5	2	0		7		14
260983	6	2			6		4
260983	7	2			6		4
260984	1	2	0		7		28
260984	2	1	0		7		11
260985	1	2	0		7		7
260985	2	1	0		7		7
260988	1	2			6		11
260988	2	1			6		11
260988	3	2	0		7		4
260988	4	1	0		7		4
260989	1	2			6		7
260990	1	1	0		7		4
260992	1	1	0		7		8
260992	2	2	0		7		12
260993	1	1			6		24
260993	2	2			6		24
260994	1	2			6		12
260995	1	2			6		14
260999	1	2	0		7		14
260999	2	1	0		7		4
261006	1	1			6		3
261007	1	1	0		7		11
261007	2	2	0		7		11
261008	1	1			6		7
261008	2	1	0		7		7
261009	1	2			6		7
261009	2	1			6		7
261009	3	1			6		7
261010	1	1	0		7		4
261010	2	2	0		7		4
261015	1	2	0		7		8
261015	2	1	0		7		8
261018	1	1			6		7
261018	2	2	0		7		7
261020	1	2			6		4
261020	2	1	0		7		7
261026	1	1	0		7		14
261027	1	1	0		7		3
261027	2	2	0		7		8
261029	1	1	0		7		55
261029	2	1			6		21
261029	3	2			6		14
261029	4	2			6		7
261029	5	1			6		14
261029	6	2	0		7		3
261030	1	2	0		7		14
261031	1	2	0		7		8
261031	2	2			6		11
261032	1	2	0		7		7
261034	1	2	0		7		14
261035	1	2			6		21
261036	1	2	0		7		3
261036	2	1	0		7		3
261036	3	1			6		3
261040	1	1	0		7		21
261042	1	2	0		7		7
261042	2	2			6		7
261042	3	2			6		7
261048	1	1	0		7		4
261050	1	2	0		7		11
261050	2	1	0		7		11
261055	1	2	0		7		7
261056	1	2	0		7		21
261060	1	1			6		4
261081	1	1			6		11
261081	2	2			6		11
261087	1	1	0		7		7
261089	1	1	0		7		4
261089	2	2			6		7
261089	3	2			6		7
261090	1	2	0		7		53
261090	2	1	0		7		4
261091	1	2			6		27
261096	1	2	0		7		11
261099	1	2	0		7		7
261099	2	1	0		7		7
261101	1	2	0		7		7
261102	1	2	0		7		4
261102	2	1	0		7		7
261107	1	1			6		7
261108	1	2	0		7		8
261109	1	2	0		7		39
261109	2	1	0		7		11
261109	3	1			6		11
261109	4	2			6		22
261109	5	1			6		11
261109	6	1			6		11
261109	7	2			6		11
261113	1	2			6		70
261113	2	2			6		14
261113	3	2			6		7
261113	4	2			6		7
261115	1	1			6		33
261115	2	1	0		7		18
261115	3	2	0		7		33
