fdcat	majfd
100	100
100	105
100	111
100	112
100	113
100	114
100	115
100	116
100	117
100	129
100	155
100	156
100	157
100	158
100	159
100	160
100	161
100	162
100	163
100	164
100	167
100	168
100	169
100	171
100	172
100	173
100	174
100	175
100	176
100	177
100	178
100	183
100	210
100	214
100	217
100	218
100	221
100	222
100	227
100	228
100	229
100	231
101	62
101	71
101	119
101	120
101	184
101	185
101	188
101	191
101	196
101	199
101	233
101	236
101	248
101	285
101	315
101	318
102	88
102	127
102	203
102	204
102	205
102	208
102	241
102	294
103	58
103	59
103	66
103	83
103	93
103	94
103	118
103	123
103	195
103	197
103	198
103	200
103	202
103	270
103	271
103	274
103	277
103	282
103	286
103	290
103	291
103	299
103	308
103	309
103	319
103	332
103	333
104	58
104	59
104	62
104	66
104	71
104	83
104	88
104	93
104	94
104	118
104	119
104	120
104	123
104	127
104	184
104	185
104	188
104	191
104	195
104	196
104	197
104	198
104	199
104	200
104	202
104	203
104	204
104	205
104	208
104	233
104	236
104	241
104	248
104	270
104	271
104	274
104	277
104	282
104	285
104	286
104	290
104	291
104	294
104	299
104	308
104	309
104	315
104	318
104	319
104	332
104	333
105	4
105	5
105	6
105	9
105	10
105	11
105	12
105	13
105	15
105	16
105	17
105	22
105	23
105	31
105	36
105	41
105	46
105	51
105	55
105	73
105	77
105	78
105	79
105	80
105	110
105	135
105	138
105	139
105	143
105	148
105	150
105	151
105	152
105	153
105	154
105	192
105	240
105	245
105	251
105	252
105	253
105	254
105	255
105	256
105	257
105	258
105	259
105	260
105	261
105	262
105	263
105	264
105	267
105	281
105	287
105	301
105	304
105	307
105	312
105	313
105	314
105	320
105	323
105	327
105	328
105	329
105	334
105	335
105	336
105	339
106	4
106	5
106	6
106	9
106	10
106	11
106	12
106	13
106	15
106	16
106	17
106	22
106	23
106	31
106	36
106	41
106	46
106	51
106	55
106	58
106	59
106	62
106	66
106	71
106	73
106	77
106	78
106	79
106	80
106	83
106	88
106	93
106	94
106	100
106	105
106	110
106	111
106	112
106	113
106	114
106	115
106	116
106	117
106	118
106	119
106	120
106	123
106	127
106	129
106	135
106	138
106	139
106	143
106	148
106	150
106	151
106	152
106	153
106	154
106	155
106	156
106	157
106	158
106	159
106	160
106	161
106	162
106	163
106	164
106	167
106	168
106	169
106	171
106	172
106	173
106	174
106	175
106	176
106	177
106	178
106	183
106	184
106	185
106	188
106	191
106	192
106	195
106	196
106	197
106	198
106	199
106	200
106	202
106	203
106	204
106	205
106	208
106	210
106	214
106	217
106	218
106	221
106	222
106	227
106	228
106	229
106	231
106	233
106	236
106	240
106	241
106	245
106	248
106	249
106	251
106	252
106	253
106	254
106	255
106	256
106	257
106	258
106	259
106	260
106	261
106	262
106	263
106	264
106	267
106	270
106	271
106	274
106	277
106	281
106	282
106	285
106	286
106	287
106	290
106	291
106	294
106	299
106	301
106	304
106	307
106	308
106	309
106	312
106	313
106	314
106	315
106	318
106	319
106	320
106	323
106	327
106	328
106	329
106	332
106	333
106	334
106	335
106	336
106	339
107	4
107	5
107	6
107	9
107	10
107	11
107	12
107	13
107	15
107	16
107	17
107	22
107	23
107	31
107	36
107	41
107	46
107	51
107	55
107	58
107	59
107	62
107	66
107	71
107	73
107	77
107	78
107	79
107	80
107	83
107	88
107	93
107	94
107	100
107	105
107	110
107	111
107	112
107	113
107	114
107	115
107	116
107	117
107	118
107	119
107	120
107	123
107	127
107	129
107	135
107	138
107	139
107	143
107	148
107	150
107	151
107	152
107	153
107	154
107	155
107	156
107	157
107	158
107	159
107	160
107	161
107	162
107	163
107	164
107	167
107	168
107	169
107	171
107	172
107	173
107	174
107	175
107	176
107	177
107	178
107	183
107	184
107	185
107	188
107	191
107	192
107	195
107	196
107	197
107	198
107	199
107	200
107	202
107	203
107	204
107	205
107	208
107	210
107	214
107	217
107	218
107	221
107	222
107	227
107	228
107	229
107	231
107	233
107	236
107	240
107	241
107	245
107	248
107	249
107	251
107	252
107	253
107	254
107	255
107	256
107	257
107	258
107	259
107	260
107	261
107	262
107	263
107	264
107	267
107	270
107	271
107	274
107	277
107	281
107	282
107	285
107	286
107	287
107	290
107	291
107	294
107	299
107	301
107	304
107	307
107	308
107	309
107	312
107	313
107	314
107	315
107	318
107	319
107	320
107	323
107	327
107	328
107	329
107	332
107	333
107	334
107	335
107	336
107	339
107	340
107	341
107	343
107	344
108	4
108	5
108	6
108	9
108	10
108	11
108	12
108	13
108	15
108	16
108	17
108	22
108	23
108	31
108	36
108	41
108	46
108	51
108	55
108	58
108	59
108	62
108	66
108	71
108	73
108	77
108	78
108	79
108	80
108	83
108	88
108	93
108	94
108	100
108	105
108	110
108	111
108	112
108	113
108	114
108	115
108	116
108	117
108	118
108	119
108	120
108	123
108	127
108	129
108	135
108	138
108	139
108	143
108	148
108	150
108	151
108	152
108	153
108	154
108	155
108	156
108	157
108	158
108	159
108	160
108	161
108	162
108	163
108	164
108	167
108	168
108	169
108	171
108	172
108	173
108	174
108	175
108	176
108	177
108	178
108	183
108	184
108	185
108	188
108	191
108	192
108	195
108	196
108	197
108	198
108	199
108	200
108	202
108	203
108	204
108	205
108	208
108	210
108	214
108	217
108	218
108	221
108	222
108	227
108	228
108	229
108	231
108	233
108	236
108	240
108	241
108	245
108	248
108	249
108	251
108	252
108	253
108	254
108	255
108	256
108	257
108	258
108	259
108	260
108	261
108	262
108	263
108	264
108	267
108	270
108	271
108	274
108	277
108	281
108	282
108	285
108	286
108	287
108	290
108	291
108	294
108	299
108	301
108	304
108	307
108	308
108	309
108	312
108	313
108	314
108	315
108	318
108	319
108	320
108	323
108	327
108	328
108	329
108	332
108	333
108	334
108	335
108	336
108	339
108	340
108	341
108	343
108	344
108	350
108	351
108	352
108	353
108	354
108	380
108	381
108	382
108	383
108	384
108	385
108	386
108	387
108	388
108	389
110	4
110	5
110	6
110	9
110	10
110	11
110	12
110	13
110	15
110	16
110	17
110	22
110	23
110	31
110	36
110	41
110	46
110	51
110	55
110	58
110	59
110	62
110	66
110	71
110	73
110	77
110	78
110	79
110	80
110	83
110	88
110	93
110	94
110	100
110	105
110	110
110	111
110	112
110	113
110	114
110	115
110	116
110	117
110	118
110	119
110	120
110	123
110	127
110	129
110	135
110	138
110	139
110	143
110	148
110	150
110	151
110	152
110	153
110	154
110	155
110	156
110	157
110	158
110	159
110	160
110	161
110	162
110	163
110	164
110	167
110	168
110	169
110	171
110	172
110	173
110	174
110	175
110	176
110	177
110	178
110	183
110	184
110	185
110	188
110	191
110	192
110	195
110	196
110	197
110	198
110	199
110	200
110	202
110	203
110	204
110	205
110	208
110	210
110	214
110	217
110	218
110	221
110	222
110	227
110	228
110	229
110	231
110	233
110	236
110	240
110	241
110	245
110	248
110	249
110	251
110	252
110	253
110	254
110	255
110	256
110	257
110	258
110	259
110	260
110	261
110	262
110	263
110	264
110	267
110	270
110	271
110	274
110	277
110	281
110	282
110	285
110	286
110	287
110	290
110	291
110	294
110	299
110	301
110	304
110	307
110	308
110	309
110	312
110	313
110	314
110	315
110	318
110	319
110	320
110	323
110	327
110	328
110	329
110	332
110	333
110	335
110	336
110	339
111	4
111	5
111	6
111	9
111	10
111	11
111	12
111	13
111	15
111	16
111	17
111	22
111	23
111	31
111	36
111	41
111	46
111	51
111	55
111	58
111	59
111	62
111	66
111	71
111	73
111	77
111	78
111	79
111	80
111	83
111	88
111	93
111	94
111	100
111	105
111	110
111	111
111	112
111	113
111	114
111	115
111	116
111	117
111	118
111	119
111	120
111	123
111	127
111	129
111	135
111	138
111	139
111	143
111	148
111	150
111	151
111	152
111	153
111	154
111	155
111	156
111	157
111	158
111	159
111	160
111	161
111	162
111	163
111	164
111	167
111	168
111	169
111	171
111	172
111	173
111	174
111	175
111	176
111	177
111	178
111	183
111	184
111	185
111	188
111	191
111	192
111	195
111	196
111	197
111	198
111	199
111	200
111	202
111	203
111	204
111	205
111	208
111	210
111	214
111	217
111	218
111	221
111	222
111	227
111	228
111	229
111	231
111	233
111	236
111	240
111	241
111	245
111	248
111	249
111	251
111	252
111	253
111	254
111	255
111	256
111	257
111	258
111	259
111	260
111	261
111	262
111	263
111	264
111	267
111	270
111	271
111	274
111	277
111	281
111	282
111	285
111	286
111	287
111	290
111	291
111	294
111	299
111	301
111	304
111	307
111	308
111	309
111	312
111	313
111	314
111	315
111	318
111	319
111	320
111	323
111	327
111	328
111	329
111	332
111	333
111	335
111	336
111	339
111	340
111	341
111	343
111	344
111	350
111	351
111	352
111	353
111	354
111	380
111	381
111	382
111	383
111	384
111	385
111	386
111	387
111	388
201	4
201	5
201	6
201	15
202	9
202	10
202	11
202	12
202	13
202	16
202	17
203	4
203	5
203	6
203	9
203	10
203	11
203	12
203	13
203	15
203	16
203	17
203	22
203	23
203	129
204	9
204	12
204	13
204	15
204	16
204	17
205	4
205	9
205	10
205	11
205	12
205	13
205	15
205	16
205	17
206	9
206	11
206	12
206	13
206	16
207	9
207	11
207	12
207	16
208	4
208	5
208	6
208	9
208	10
208	11
208	12
208	13
208	15
208	16
208	17
301	46
301	51
301	58
301	59
301	62
301	66
301	71
301	78
301	79
301	80
301	83
301	88
301	93
301	94
302	78
302	83
302	93
302	94
303	51
303	58
303	59
303	62
303	66
303	71
303	78
303	83
303	88
303	93
303	94
304	59
304	73
304	77
305	46
305	51
305	58
305	59
305	62
305	66
305	71
305	78
305	79
305	80
305	83
305	88
305	93
305	94
306	46
306	51
306	58
306	59
306	62
306	66
306	71
306	78
306	79
306	80
306	83
306	88
306	93
306	94
401	100
401	105
401	111
401	112
401	113
402	100
402	105
402	111
402	112
402	113
402	114
402	115
402	116
402	117
402	118
402	123
403	111
403	112
403	113
403	115
403	116
403	119
403	120
404	100
404	105
404	110
404	114
404	117
404	118
404	123
404	127
405	110
405	127
501	184
501	185
501	188
501	191
501	199
502	192
502	195
502	196
502	197
502	198
502	200
502	202
503	172
503	173
503	174
503	175
503	176
503	177
503	183
503	203
503	204
503	205
503	208
504	168
504	169
504	203
504	204
505	175
505	176
505	177
505	183
505	184
505	185
505	188
505	191
505	192
505	195
505	196
505	197
505	198
505	199
505	200
505	202
505	205
505	208
506	156
506	160
507	157
507	161
508	203
508	204
508	208
509	197
509	198
509	199
509	200
509	205
510	184
510	185
510	188
510	191
510	192
510	195
510	196
510	202
511	184
511	185
511	188
511	191
511	192
511	195
511	196
511	202
511	204
511	208
512	155
512	197
512	198
512	199
512	200
512	205
513	162
513	163
513	164
513	167
513	168
513	169
513	171
513	172
513	173
513	174
513	175
513	176
513	177
513	178
513	183
513	184
513	185
513	188
513	191
513	192
513	195
513	196
513	202
513	203
513	204
513	208
601	210
601	214
601	218
601	221
601	222
601	227
601	228
601	229
601	231
602	240
602	245
603	221
603	229
603	231
604	218
604	221
604	222
604	227
604	229
604	231
605	233
605	236
605	240
605	245
650	259
650	261
651	260
651	262
701	315
701	320
701	323
701	327
701	328
701	329
701	332
701	333
701	334
701	335
701	336
701	339
702	307
702	309
702	312
702	313
702	314
702	315
702	318
702	319
702	320
702	323
702	327
702	328
702	329
702	332
702	333
702	334
702	335
702	336
702	339
703	17
703	78
703	143
703	148
703	191
703	192
703	195
703	196
703	197
703	198
703	199
703	200
703	202
703	241
703	248
703	285
703	286
703	287
703	290
703	291
703	294
703	299
703	301
703	307
703	309
703	312
703	313
703	314
703	315
703	319
703	320
703	323
703	328
703	329
703	332
703	333
703	334
703	335
703	336
703	339
704	281
704	285
704	286
704	287
704	290
704	291
704	294
704	299
704	301
705	257
705	258
705	263
706	285
706	286
706	287
706	290
706	291
706	299
706	301
707	341
707	344
708	340
708	343
709	340
709	341
709	343
709	344
709	350
709	351
709	352
709	353
709	354
709	380
709	381
709	382
709	383
709	384
709	385
709	386
709	387
709	388
709	389
710	314
710	315
710	323
710	327
710	328
710	329
710	332
710	333
710	334
710	335
710	336
710	339
711	307
711	308
711	309
801	383
801	385
801	386
801	387
801	388
901	352
901	354
